frame,subframe,left_force_Fx,left_force_Fy,left_force_Fz,right_force_Fx,right_force_Fy,right_force_Fz,left_force,right_force,combined_force
2113,6,134.456,18.3553,-829.706,-131.186,7.15386,-798.381,840.7302655489988,809.1187585700256,1649.8490241190243
2113,7,134.562,18.5732,-827.958,-130.892,7.2842,-797.69,839.0270230250275,808.3904448554795,1647.417467880507
2113,8,134.435,18.3129,-826.022,-130.233,7.23291,-795.898,837.0904825736643,806.5150808757815,1643.6055634494458
2113,9,134.279,18.4952,-824.656,-130.021,7.15409,-795.401,835.7215089968906,805.9896973570618,1641.7112063539525
2114,0,134.052,18.5873,-822.468,-130.144,7.56439,-794.643,833.528066383664,805.2652843511088,1638.793350734773
2114,1,133.817,18.5243,-821.514,-129.605,7.40524,-792.236,832.5475310007772,802.801453225178,1635.348984225955
2114,2,133.655,18.6565,-820.259,-129.539,7.17193,-791.673,831.2860825842389,802.23308834149,1633.5191709257288
2114,3,133.782,18.6709,-818.07,-129.262,7.56499,-791.638,829.147002003149,802.1574762861095,1631.3044782892584
2114,4,133.373,18.6705,-816.822,-128.812,7.26644,-790.188,827.8496991503047,800.6512398281,1628.5009389784045
2114,5,133.188,18.5296,-815.091,-128.137,7.36392,-789.002,826.1087868441783,799.3731757388199,1625.4819625829982
2114,6,133.102,18.7967,-814.187,-128.481,7.24134,-788.156,825.209021584162,798.5923144521211,1623.801336036283
2114,7,132.812,18.8961,-812.78,-128.183,7.57359,-786.621,823.7763157187817,797.0325202872766,1620.8088360060583
2114,8,133.278,19.3251,-812.05,-127.933,7.33597,-786.014,823.1413531551005,796.3910328104159,1619.5323859655164
2114,9,132.621,19.0169,-810.96,-127.631,7.58181,-785.238,821.9526103898022,795.5789543771732,1617.5315647669754
2115,0,132.477,18.9095,-808.197,-127.459,7.54523,-783.122,819.2009005904779,793.4625347555818,1612.6634353460597
2115,1,132.188,19.0419,-807.625,-127.374,7.46714,-782.737,818.592940309535,793.0681592554196,1611.6610995649546
2115,2,132.018,19.339,-807.299,-127.573,7.31957,-780.834,818.2508323527694,791.2206910780234,1609.4715234307928
2115,3,131.932,19.1559,-805.5,-127.32,7.30265,-780.466,816.457746076801,790.816595838139,1607.2743419149401
2115,4,131.854,19.1342,-804.87,-127.01,7.65064,-778.854,815.8230885588125,789.179083420493,1605.0021719793056
2115,5,131.565,18.7115,-803.349,-127.255,7.62232,-779.102,814.265979430708,789.4630207876631,1603.729000218371
2115,6,131.183,19.0187,-802.754,-127.287,7.40493,-776.977,813.6244065628133,787.3690823789723,1600.9934889417855
2115,7,130.863,18.9842,-801.968,-127.079,7.79859,-775.415,812.7965290542522,785.7978827102985,1598.5944117645508
2115,8,130.693,18.3437,-801.597,-127.194,7.49911,-774.68,812.3883935579644,785.0883088460763,1597.4767024040407
2115,9,130.326,18.8405,-799.503,-126.724,7.66698,-773.743,810.2745693437812,784.0892709426143,1594.3638402863955
2116,0,130.007,18.8284,-798.405,-126.875,7.90088,-772.334,809.1395879083905,782.7256844423686,1591.865272350759
2116,1,129.766,18.6098,-797.426,-126.691,7.8553,-771.889,808.1297945800786,782.2563157559612,1590.3861103360398
2116,2,129.743,18.4467,-796.595,-126.666,8.19536,-769.971,807.3023726057604,780.3632361423298,1587.66560874809
2116,3,129.249,18.2902,-795.485,-126.666,7.81887,-769.313,806.1241967848626,779.7101398937152,1585.834336678578
2116,4,128.986,18.4162,-795.083,-126.458,8.11868,-769.405,805.6882284776412,779.7702179193191,1585.4584463969604
2116,5,128.682,18.1491,-793.872,-126.434,8.229,-767.538,804.4384372584454,777.9253526148894,1582.363789873335
2116,6,128.3,17.5565,-791.983,-126.364,7.81898,-767.17,802.4999644742982,777.5466583069085,1580.0466227812067
2116,7,128.052,18.2718,-790.616,-126.356,8.39567,-764.399,801.1272263724658,774.8174992937039,1575.9447256661697
2116,8,128.028,17.789,-790.931,-126.287,7.84372,-763.782,801.4233987512469,774.1917552108382,1575.615153962085
2116,9,127.395,17.7295,-789.652,-126.417,8.18655,-763.603,800.0588117752658,774.0399337882396,1574.0987455635054
2117,0,126.975,17.5182,-788.039,-126.225,8.51358,-761.848,798.3952676946676,772.2807823411226,1570.6760500357902
2117,1,126.444,17.1428,-787.59,-126.271,8.26717,-761.641,797.8596172434346,772.0814234404354,1569.9410406838701
2117,2,125.969,17.3175,-785.352,-125.723,8.16411,-761.205,795.5789393085075,771.5607412550823,1567.13968056359
2117,3,125.501,16.7053,-784.531,-125.727,8.15581,-760.863,794.6813562743812,771.2238977980105,1565.9052540723917
2117,4,125.034,16.7084,-784.172,-126.012,8.7126,-760.103,794.2533584257355,770.5267705613867,1564.7801289871222
2117,5,124.637,16.4343,-782.372,-125.907,8.49903,-759.292,792.4079847966512,769.70718291045,1562.1151677071011
2117,6,124.248,16.1225,-780.714,-125.961,9.09136,-759.641,790.7033895881881,770.0670589167215,1560.7704485049096
2117,7,124.14,16.0224,-779.231,-126.247,8.95732,-758.243,789.2201266204252,768.7333644636367,1557.9534910840619
2117,8,123.64,15.3816,-777.912,-125.933,9.27875,-758.07,787.8264548506606,768.5150230090252,1556.3414778596857
2117,9,122.881,15.3149,-776.17,-125.683,9.52901,-757.057,785.9861037085897,767.4778952970438,1553.4639990056335
2118,0,122.455,15.3843,-774.231,-125.728,9.27415,-755.631,784.006087395047,766.0755498012076,1550.0816371962546
2118,1,121.854,15.1793,-774.045,-125.598,9.58893,-756.055,783.7247415320572,766.4763324510058,1550.201073983063
2118,2,121.443,14.8765,-771.835,-125.72,9.42148,-754.821,781.4723153933542,765.2770901617207,1546.7494055550749
2118,3,121.194,14.4234,-771.603,-125.251,9.46588,-754.374,781.1960123506518,764.7597974273847,1545.9558097780364
2118,4,120.396,14.1678,-769.098,-125.402,9.47272,-754.628,778.5933835943123,765.0351707027583,1543.6285542970704
2118,5,120.103,14.2852,-767.948,-125.219,9.68198,-752.926,777.414257813709,763.3289593443449,1540.743217158054
2118,6,119.304,13.877,-766.531,-124.847,9.63671,-751.704,775.8838763023755,762.0620336984543,1537.9459100008298
2118,7,119.012,13.7628,-763.443,-124.736,9.6962,-750.713,772.7861832724755,761.0670761236752,1533.8532593961506
2118,8,118.567,13.4735,-761.957,-124.52,9.98306,-751.333,771.2445387425768,761.6470106131603,1532.891549355737
2118,9,118.028,13.2324,-759.474,-124.287,9.53016,-749.971,768.7044047420048,760.2595498641406,1528.9639546061453
2119,0,117.765,13.0689,-758.639,-124.124,9.54133,-748.783,767.8362609913718,759.0611210193609,1526.8973820107326
2119,1,116.967,12.7721,-756.216,-123.899,9.68922,-748.083,765.314996771532,758.3356895690775,1523.6506863406096
2119,2,116.392,12.882,-753.908,-123.25,9.42675,-745.696,762.948436037456,755.8716495090702,1518.8200855465261
2119,3,116.058,12.5454,-752.364,-123.175,9.4636,-745.998,761.3661634989829,756.1578250299074,1517.5239885288902
2119,4,115.323,12.3675,-750.163,-122.62,9.6809,-745.197,759.0763307825175,755.2800494080391,1514.3563801905566
2119,5,114.967,12.3526,-748.473,-122.207,9.70497,-743.789,757.3518531995284,753.8241265790721,1511.1759797786003
2119,6,114.514,12.4224,-747.437,-122.026,9.14994,-742.62,756.2604321176402,752.6343936321298,1508.89482574977
2119,7,114.258,12.007,-744.248,-121.733,9.2918,-740.616,753.0631740544746,750.6112977382102,1503.674471792685
2119,8,113.813,12.1029,-743.186,-121.006,9.59542,-739.955,751.9476775370811,749.8452681360178,1501.792945673099
2119,9,113.204,12.1178,-740.309,-120.854,9.21259,-739.759,749.0122843944818,749.6225311525183,1498.634815547
2120,0,113.286,12.2579,-738.835,-120.429,9.371,-738.438,747.5701513125107,748.2523902574585,1495.8225415699692
2120,1,112.878,12.2019,-737.976,-119.894,9.25695,-737.413,746.6584934383388,747.1533945103258,1493.8118879486647
2120,2,112.341,12.1952,-735.542,-119.419,9.51884,-736.295,744.1715238760753,745.9770994480631,1490.1486233241385
2120,3,112.147,12.0544,-734.408,-118.954,9.34397,-734.727,743.0190903552614,744.3528252249472,1487.3719155802087
2120,4,111.921,12.1106,-732.693,-118.488,9.11156,-733.249,741.2907723170173,742.8166144282407,1484.1073867452578
2120,5,111.476,12.1178,-730.462,-117.953,9.15543,-733.816,739.0185877884534,743.2917690674941,1482.3103568559475
2120,6,110.937,11.9765,-729.802,-117.825,9.09539,-731.588,738.282746463203,741.0711561572559,1479.353902620459
2120,7,111.096,11.8919,-729.017,-117.262,8.87934,-730.44,737.5293382575435,739.845803477208,1477.3751417347517
2120,8,110.908,11.463,-726.583,-116.571,8.71626,-728.888,735.0883217151528,738.2021997890467,1473.2905215041997
2120,9,110.814,11.4172,-725.596,-116.288,8.56109,-727.701,734.0978478839452,736.9836745864783,1471.0815224704234
2121,0,110.807,11.1362,-722.87,-115.57,8.68295,-726.711,731.3981426688476,735.8944870303776,1467.2926296992252
2121,1,110.877,10.6853,-721.554,-115.209,8.70059,-726.316,730.1014036975206,735.4479898696768,1465.5493935671975
2121,2,110.743,10.4994,-719.68,-114.483,8.35343,-725.703,728.2263053813422,734.725105934706,1462.951411316048
2121,3,110.516,9.99223,-717.723,-114.053,8.38083,-723.608,726.250601132538,732.5891500592189,1458.839751191757
2121,4,110.846,10.01,-716.067,-113.457,7.97315,-722.784,724.6647392449836,731.6780525790851,1456.3427918240686
2121,5,110.46,9.3148,-715.021,-112.974,7.92153,-722.281,723.5628566614237,731.1058187940654,1454.668675455489
2121,6,110.909,8.95852,-712.574,-113.063,7.85306,-720.781,721.2092392902287,729.6370073408856,1450.8462466311144
2121,7,110.185,8.85854,-712.176,-112.387,7.84482,-719.591,720.7037275690557,728.3567712672358,1449.0604988362916
2121,8,110.244,8.35899,-709.363,-111.749,7.77509,-717.734,717.9272094152861,726.4230074698269,1444.350216885113
2121,9,110.046,7.81456,-707.889,-111.196,7.41996,-717.379,716.4342438668001,725.9836333302574,1442.4178771970574
2122,0,109.952,7.55137,-707.026,-110.653,6.96117,-716.349,715.5642739606812,724.8782201844451,1440.4424941451264
2122,1,110.438,7.10763,-704.591,-110.386,6.98049,-714.491,713.2289587006524,723.0015112830955,1436.2304699837478
2122,2,110.35,6.78156,-703.602,-110.015,7.1274,-713.846,712.2351342499425,722.3089448233076,1434.54407907325
2122,3,110.405,6.32998,-700.287,-109.489,7.28406,-712.637,708.9648898505486,721.0356388002492,1430.0005286507978
2122,4,110.271,6.14463,-698.764,-109.291,7.16061,-710.326,707.4380380039208,718.7202677624808,1426.1583057664016
2122,5,110.607,5.42689,-697.754,-109.067,7.35322,-709.775,706.4870870016465,718.1436005134129,1424.6306875150594
2122,6,110.787,5.14223,-696.629,-108.348,7.03055,-708.149,705.4021303762648,716.4242625276607,1421.8263929039256
2122,7,110.66,4.69758,-695.338,-108.265,6.78023,-707.088,704.1041379667189,715.3605534888353,1419.4646914555542
2122,8,110.503,3.73904,-692.711,-108.057,6.54639,-705.827,701.4794529778627,714.0804747365888,1415.5599277144515
2122,9,111.191,3.57221,-691.563,-107.548,6.72924,-704.818,700.4538401167375,713.0079018489049,1413.4617419656424
2123,0,111.549,2.86181,-689.847,-107.004,6.68526,-703.556,698.813460636296,711.67801276509,1410.491473401386
2123,1,111.507,2.36591,-688.055,-106.599,6.7456,-701.969,697.035932792656,710.0488200689866,1407.0847528616428
2123,2,111.5,1.90016,-686.559,-106.349,6.54582,-701.503,695.5566986874798,709.5487415036915,1405.1054401911713
2123,3,111.429,1.08188,-685.531,-106.117,6.86709,-699.733,694.5288651066522,707.7670845010158,1402.295949607668
2123,4,111.561,0.928085,-684.26,-105.537,7.04949,-698.221,693.2953668262663,706.1871696082138,1399.4825364344802
2123,5,111.647,0.148319,-682.515,-104.985,7.06606,-696.328,691.5864369928937,704.2332447512853,1395.819681744179
2123,6,111.865,-0.425762,-679.399,-104.996,6.71712,-694.96,688.5469923681902,702.8788525180527,1391.4258448862429
2123,7,111.394,-1.03943,-678.935,-104.588,6.67519,-693.808,688.0133994885018,701.6785223801111,1389.691921868613
2123,8,111.764,-1.2406,-677.594,-104.33,6.81412,-692.528,686.7505803567698,700.3757647972797,1387.1263451540494
2123,9,111.879,-1.95813,-675.096,-104.029,6.9694,-691.808,684.3064767559174,699.6205501851414,1383.9270269410588
2124,0,112.027,-2.38516,-673.376,-103.51,7.05448,-690.436,682.6353163243355,698.1876222650116,1380.822938589347
2124,1,111.759,-2.70248,-672.185,-103.244,6.85473,-689.411,681.4176778629612,697.1325826414749,1378.5502605044362
2124,2,111.658,-3.29448,-669.43,-103.288,7.17629,-687.86,678.6861479818712,695.6085750493335,1374.2947230312047
2124,3,112.074,-3.56618,-668.26,-102.742,7.2195,-686.672,677.6021891314936,694.3532784744737,1371.9554676059672
2124,4,111.696,-4.01017,-666.251,-102.814,7.28832,-685.825,675.5608580138646,693.527049818118,1369.0879078319826
2124,5,111.791,-4.26643,-664.136,-102.207,7.1569,-683.712,673.4924324756329,691.3462164578685,1364.8386489335014
2124,6,111.454,-4.35907,-662.9,-102.131,7.34786,-682.31,672.2182722949926,689.9504825040559,1362.1687547990487
2124,7,111.627,-4.50689,-660.878,-101.993,7.44193,-681.301,670.2541533407101,688.9332383998649,1359.187391740575
2124,8,111.367,-4.87361,-659.786,-101.768,7.65926,-679.894,669.1367024453464,687.5109026944574,1356.6476051398038
2124,9,111.548,-4.84111,-657.781,-101.466,7.54499,-678.869,667.1898055359,686.4513057683699,1353.64111130427
2125,0,111.57,-4.97454,-656.985,-101.086,7.38816,-677.463,666.4097096930773,685.0029785870902,1351.4126882801675
2125,1,111.148,-4.77877,-654.424,-101.113,7.58001,-676.292,663.8128398296562,683.8509812704813,1347.6638211001375
2125,2,110.892,-5.45777,-652.683,-100.706,7.60506,-674.434,662.0588504101224,681.9536316565838,1344.012482066706
2125,3,110.728,-5.53373,-650.909,-100.24,7.81343,-673.5,660.2831501959693,680.9635506312837,1341.2467008272529
2125,4,110.642,-5.32284,-649.853,-100.259,7.63049,-672.545,659.2259903846825,680.0197559509871,1339.2457463356695
2125,5,110.846,-5.51102,-647.99,-100.198,7.884,-670.706,657.4254688992817,678.1949093704552,1335.6203782697369
2125,6,110.799,-5.67474,-646.035,-99.6357,7.84707,-668.759,655.4920612029314,676.1859576352314,1331.6780188381626
2125,7,110.509,-6.0411,-644.522,-99.4986,7.6295,-667.102,653.9551532438674,674.5244688491367,1328.479622093004
2125,8,110.337,-6.00834,-643.35,-99.2135,8.09086,-667.069,652.7706919114519,674.4552107877806,1327.2259026992324
2125,9,109.899,-6.14168,-641.772,-98.8336,7.80325,-665.499,651.142695895625,672.8431393724117,1323.9858352680367
2126,0,109.503,-6.08659,-639.996,-98.9992,7.82943,-663.861,649.3249060392093,671.2477701234953,1320.5726761627047
2126,1,109.324,-6.00906,-638.497,-98.5398,7.62993,-662.094,647.8165363643349,669.4301851962197,1317.2467215605545
2126,2,109.097,-5.86127,-638.207,-98.4112,8.02076,-661.176,647.4910692388065,668.5078906433473,1315.998959882154
2126,3,108.793,-5.98707,-636.573,-97.9871,7.58634,-659.499,645.8304314486775,666.781789884821,1312.6122213334984
2126,4,108.622,-5.86172,-635.661,-97.659,7.73474,-658.727,644.9015471886839,665.971746407359,1310.873293596043
2126,5,108.396,-6.19689,-633.085,-97.4178,7.83128,-657.213,642.327573350757,664.4399777799936,1306.7675511307507
2126,6,108.091,-6.16557,-630.758,-97.3922,7.77086,-656.747,639.9822912381443,663.9745845248743,1303.9568757630186
2126,7,107.851,-5.87766,-628.921,-96.8389,7.3452,-653.822,638.1285210120886,660.9954101204107,1299.1239311324994
2126,8,107.898,-6.05708,-628.743,-96.4941,7.71067,-652.6,637.9627157374689,659.7403472326511,1297.7030629701198
2126,9,107.273,-5.65992,-626.833,-96.5983,7.83144,-650.906,635.9710222269615,658.0814416554865,1294.0524638824481
2127,0,106.853,-5.96508,-624.569,-95.9921,7.63167,-648.834,633.6715091823257,655.9407634881361,1289.6122726704618
2127,1,106.534,-5.79263,-623.168,-96.1236,7.60655,-647.593,632.2352441475538,654.7322351380467,1286.9674792856003
2127,2,106.502,-5.83973,-621.574,-95.526,7.39879,-646.314,630.6591915816916,653.3771846073782,1284.0363761890699
2127,3,106.01,-5.35723,-621.268,-95.8652,7.65112,-644.44,630.2703767727569,651.5762348400182,1281.8466116127752
2127,4,105.605,-5.44422,-619.196,-95.5697,7.75393,-643.504,628.1606020536535,650.6082454169598,1278.7688474706133
2127,5,105.356,-5.38989,-616.474,-95.1815,7.76237,-640.818,625.43515277462,647.8946530526911,1273.329805827311
2127,6,104.559,-5.10238,-615.468,-94.7926,7.62369,-640.064,624.3071982499196,647.0901650929151,1271.3973633428345
2127,7,104.687,-5.00206,-614.069,-94.6811,7.95403,-638.567,622.9487341140068,645.5970808325042,1268.545814946511
2127,8,104.006,-4.57402,-613.191,-94.1885,7.85862,-637.812,621.9657323164681,644.7769992676184,1266.7427315840864
2127,9,103.508,-4.52831,-611.199,-94.1977,8.04984,-635.719,619.9182440100114,642.7103963452868,1262.628640355298
2128,0,102.76,-4.10789,-608.203,-93.9987,7.58994,-633.738,616.8365922748521,640.7161738514907,1257.5527661263427
2128,1,102.613,-3.99226,-607.165,-93.7654,7.53103,-633.093,615.7878718632802,640.0432901757669,1255.831162039047
2128,2,102.466,-3.4951,-604.588,-93.3937,7.60071,-631.307,613.2194930235095,638.2230662089817,1251.442559232491
2128,3,101.818,-3.09131,-603.143,-93.4896,7.47112,-629.217,611.6845099972012,636.1683393813421,1247.8528493785434
2128,4,101.397,-3.12302,-600.226,-93.1607,7.73088,-629.564,608.7383312548343,636.4664269433733,1245.2047581982076
2128,5,100.726,-2.71065,-599.19,-93.0488,7.2105,-627.037,607.6032676010084,633.9443744215182,1241.5476420225266
2128,6,100.446,-2.38501,-597.054,-92.9019,7.07388,-625.85,605.4490615276401,632.7472048945491,1238.1962664221892
2128,7,99.7919,-2.07357,-595.946,-92.8851,7.27365,-624.588,604.2469345508961,631.4987866420113,1235.7457211929072
2128,8,99.0902,-1.90248,-593.211,-92.401,7.23031,-623.725,601.4331032518832,630.5736260015132,1232.0067292533963
2128,9,98.5294,-1.18707,-591.749,-92.4104,7.1527,-622.193,599.8969334815314,629.0587988371595,1228.955732318691
2129,0,97.9134,-1.18048,-589.712,-92.2107,7.42041,-621.292,597.7864755718302,628.1414052130763,1225.9278807849064
2129,1,97.8531,-0.768238,-587.447,-92.3932,7.10881,-620.914,595.541599872112,627.7907565278865,1223.3323563999984
2129,2,97.2212,-0.441849,-586.345,-92.2806,6.99694,-618.428,594.3505833975255,625.3142070109423,1219.6647904084678
2129,3,96.5194,-0.0611946,-583.166,-92.1938,7.12746,-617.548,591.0994686828429,624.432566213912,1215.5320348967548
2129,4,96.17,0.117147,-582.978,-92.1165,6.72893,-615.889,590.8570310213966,622.7760338935618,1213.6330649149584
2129,5,95.3661,0.69305,-580.351,-91.9695,6.7474,-614.106,588.1347265282951,620.991220206059,1209.125946734354
2129,6,94.7898,1.31497,-578.447,-91.7449,6.3394,-613.764,586.1636010015812,620.6154706131406,1206.779071614722
2129,7,94.3155,1.72664,-576.952,-91.7186,6.4282,-612.447,584.6126966889614,619.3100605917847,1203.922757280746
2129,8,94.1993,2.39608,-575.342,-91.5112,5.95898,-610.989,583.0074324430661,617.8327988129802,1200.8402312560463
2129,9,93.6303,2.67583,-574.009,-91.416,5.90001,-609.819,581.601345618525,616.6610964987171,1198.2624421172422
2130,0,93.4293,2.76875,-572.412,-91.1996,6.10874,-608.829,579.993273942942,615.6520405111539,1195.645314454096
2130,1,93.2737,3.40741,-571.664,-90.5514,5.92753,-607.424,579.2333920369216,614.1649676022403,1193.3983596391618
2130,2,93.1181,3.40609,-569.839,-90.336,5.20907,-606.54,577.4071942032747,613.2523941300718,1190.6595883333466
2130,3,92.6112,3.25904,-568.181,-90.3873,4.91589,-605.154,575.6883744424249,611.8867490735373,1187.5751235159623
2130,4,92.4871,3.52412,-567.872,-90.3962,4.545,-603.983,575.3650071669152,610.7271029587928,1186.0921101257081
2130,5,92.5502,3.55599,-565.071,-90.258,4.08696,-601.839,572.6110544042266,608.5831017429268,1181.1941561471535
2130,6,92.2068,3.55575,-564.03,-89.8256,3.96677,-600.436,571.5282829609594,607.1307633249966,1178.6590462859558
2130,7,92.4497,3.55749,-564.39,-89.5664,3.54269,-600.147,571.9227875029899,606.8040147118311,1178.726802214821
2130,8,92.4109,4.04782,-563.557,-89.6784,3.00782,-597.823,571.0977600503809,604.5193146101392,1175.61707466052
2130,9,92.4032,4.10209,-562.287,-89.4195,2.81011,-597.393,569.8437056611297,604.0547492963383,1173.898454957468
2131,0,92.2619,4.10249,-560.253,-89.3843,2.03144,-596.511,567.8138010165042,603.1741481164155,1170.9879491329198
2131,1,92.3873,3.89346,-559.311,-89.3838,1.7276,-594.961,566.9033135844785,601.6402910587024,1168.543604643181
2131,2,92.6839,3.9406,-559.373,-89.1072,1.28798,-594.348,567.0132156983381,600.991927639898,1168.005143338236
2131,3,93.0664,4.22825,-558.51,-89.0033,1.02939,-592.855,566.2266798792004,599.4995396826107,1165.7262195618111
2131,4,92.7536,4.1893,-556.068,-88.8569,0.796083,-591.953,563.7662646624485,598.5854463940406,1162.351711056489
2131,5,93.3459,4.18303,-555.954,-88.4936,0.354758,-590.423,563.7515453662107,597.0180583727754,1160.769603738986
2131,6,93.4159,4.1141,-555.09,-88.312,0.165862,-589.378,562.910618385921,595.957602299193,1158.868220685114
2131,7,93.7671,4.31693,-553.528,-88.5023,-0.403691,-588.117,561.4304513570981,594.7389559804482,1156.1694073375463
2131,8,93.8759,4.06062,-552.777,-88.0438,-0.54169,-586.676,560.7063268455195,593.2459297142258,1153.9522565597454
2131,9,94.0248,4.31001,-552.126,-87.7761,-1.31164,-585.649,560.0913845768742,592.1917893146608,1152.2831738915352
2132,0,94.1098,4.41109,-551.034,-87.9574,-1.68223,-584.534,559.0300361581908,591.1170199448945,1150.1470561030853
2132,1,94.1875,4.41812,-549.162,-87.7759,-1.85559,-582.967,557.1980861278909,589.5409866362627,1146.7390727641537
2132,2,94.4748,4.76875,-548.232,-87.5426,-2.63372,-582.066,556.3331327861055,588.6182732907622,1144.9514060768677
2132,3,94.5068,4.66829,-546.394,-87.1015,-3.00574,-581.688,554.5265831443647,588.1807843845271,1142.7073675288918
2132,4,94.5058,5.00251,-544.587,-86.7745,-3.45665,-582.085,552.748923028295,588.5275775224748,1141.27650055077
2132,5,94.5061,4.90197,-543.527,-87.0848,-3.50826,-581.419,551.7037538172918,587.9150651584526,1139.6188189757445
2132,6,94.2948,5.09661,-541.379,-86.8516,-3.64663,-581.04,549.5531879459277,587.5065786294796,1137.0597665754071
2132,7,94.3404,5.39894,-539.977,-86.6793,-4.01074,-580.571,548.1828346038241,587.0196530993129,1135.202487703137
2132,8,94.4185,5.42948,-537.065,-86.8696,-4.19212,-580.661,545.3284758934934,587.1380571852368,1132.4665330787302
2132,9,94.2151,5.70886,-535.435,-86.5501,-4.34925,-581.111,543.6908270106362,587.5370882817292,1131.2279152923654
2133,0,94.0523,5.74053,-533.824,-86.5072,-4.22932,-579.724,542.0764261577614,586.1580836050139,1128.2345097627754
2133,1,93.5458,6.29905,-531.61,-86.7842,-3.86727,-579.832,539.814492977488,586.3033356300243,1126.1178286075124
2133,2,93.1397,6.50012,-528.889,-86.5424,-3.75601,-580.011,537.0668762799512,586.4439058681402,1123.5107821480915
2133,3,92.7505,6.79458,-525.975,-86.6463,-3.40316,-579.741,534.1334310756315,586.1900629340927,1120.323494009724
2133,4,91.869,6.75543,-523.78,-86.3874,-3.01517,-579.705,531.8186132465513,586.1141195653701,1117.9327328119214
2133,5,91.6358,6.81668,-521.076,-86.5598,-2.69702,-580.279,529.1160409058323,586.7057105005204,1115.8217514063526
2133,6,90.9882,6.89339,-518.894,-86.7935,-2.38813,-579.199,526.8561042646579,585.6708089090209,1112.5269131736788
2133,7,90.3574,6.69039,-515.898,-86.9583,-2.07643,-580.639,523.7938215148324,587.118136171448,1110.9119576862804
2133,8,89.6637,6.52642,-512.805,-86.976,-1.49047,-579.828,520.625720917346,586.3169413046334,1106.9426622219794
2133,9,88.8219,6.37025,-509.857,-86.9764,-1.07744,-579.99,517.5751833827358,586.4763039833012,1104.051487366037
2134,0,88.386,5.72481,-506.778,-86.9763,-0.757973,-580.745,514.4597163331023,587.2224504476636,1101.6821667807658
2134,1,87.2241,5.86402,-503.979,-87.0465,0.17254,-580.547,511.5049000668228,587.036576493579,1098.5414765604019
2134,2,86.5387,4.90705,-502.238,-86.9866,0.284242,-578.926,509.66266724314085,585.4246858897177,1095.0873531328584
2134,3,86.1259,4.79658,-498.264,-86.9779,0.766211,-579.159,505.67548044818864,585.6542405282374,1091.329720976426
2134,4,85.2453,4.09696,-496.228,-87.0475,1.30943,-579.069,503.513430046639,585.5765437790134,1089.0899738256524
2134,5,84.6611,3.7384,-492.974,-87.1252,1.6459,-579.049,500.20480022063964,585.5691708610093,1085.773971081649
2134,6,83.906,3.00666,-491.751,-87.0656,2.02528,-578.041,498.867019195853,584.5647253670362,1083.4317445628892
2134,7,83.3362,2.50921,-488.287,-86.9187,2.62154,-577.193,495.35382579956325,583.7066833013492,1079.0605091009124
2134,8,82.7917,2.25083,-486.004,-86.7634,2.96689,-577.104,493.0105676763724,583.5972214051675,1076.60778908154
2134,9,82.0364,1.94765,-482.863,-86.7465,3.48646,-575.375,489.7861176416523,581.8878769063517,1071.673994548004
2135,0,81.1178,1.21648,-479.17,-86.8154,3.54478,-573.574,485.98916263681275,580.1177575444561,1066.1069201812688
2135,1,80.6033,0.788716,-477.182,-86.4789,3.88993,-573.807,483.9423262826043,580.3000990432579,1064.2424253258623
2135,2,79.6454,0.189881,-474.657,-86.5051,3.65649,-572.131,481.29273155217516,578.6453001676675,1059.9380317198427
2135,3,79.2633,-0.29267,-471.174,-86.5828,4.17418,-570.474,477.7946155605135,577.0221743663864,1054.8167899269
2135,4,78.7406,-1.17888,-469.348,-86.5226,4.03683,-568.708,475.9086224795832,575.2662388591989,1051.1748613387822
2135,5,78.7571,-1.62264,-467.429,-85.9616,4.14796,-567.933,474.02023564609516,574.4166560396047,1048.4368916857
2135,6,78.2745,-2.77976,-465.183,-85.754,4.16533,-565.846,471.7306942577593,572.322281766147,1044.0529760239062
2135,7,78.0804,-3.81302,-463.047,-86.0815,3.68258,-563.719,469.5994167316229,570.2654618672838,1039.8648785989067
2135,8,77.8549,-4.54296,-460.639,-85.7796,3.55118,-561.899,467.19408414552043,568.4199476237198,1035.6140317692402
2135,9,77.6907,-5.52211,-459.369,-85.4601,3.40497,-560.403,465.9251192266222,566.8920046373127,1032.8171238639347
2136,0,77.6757,-6.53126,-458.375,-85.2183,2.76616,-558.225,464.9557100979378,564.6990002833683,1029.6547103813061
2136,1,77.9563,-7.61135,-456.079,-85.1919,2.34302,-556.242,462.7560605756693,562.7328959038474,1025.4889564795167
2136,2,77.6379,-8.28026,-454.81,-85.3987,1.33216,-555.305,461.46326215862257,561.8348116990932,1023.2980738577157
2136,3,77.5288,-9.25163,-453.376,-85.2179,1.00389,-553.2,460.0501112521297,559.7261279193085,1019.7762391714382
2136,4,77.6612,-10.1211,-452.788,-85.1221,-0.266278,-552.514,459.5113400065879,559.0327029864919,1018.5440429930798
2136,5,77.6769,-10.9754,-450.835,-85.1131,-1.18359,-550.301,457.6093939417874,556.8454285328183,1014.4548224746057
2136,6,77.8875,-11.6901,-450.474,-85.2508,-2.31543,-550.171,457.30727718926585,556.7415822064353,1014.0488593957011
2136,7,77.9112,-12.2494,-449.287,-84.9233,-3.27566,-549.181,456.1567836334345,555.7179748688409,1011.8747585022754
2136,8,77.9115,-12.5137,-449.012,-85.2241,-4.20824,-549.63,455.8931570707549,556.2139816695618,1012.1071387403167
2136,9,78.2624,-13.0949,-448.552,-85.4057,-5.41896,-549.416,455.5166038288506,556.0408616063856,1011.5574654352363
2137,0,78.2304,-13.5073,-448.356,-85.2165,-6.59569,-549.666,455.3301498621083,556.271576260037,1011.6017261221454
2137,1,78.434,-13.8949,-447.464,-85.8104,-7.34902,-549.56,454.49861594729856,556.2675852888791,1010.7662012361777
2137,2,78.5977,-14.3524,-446.339,-85.8884,-8.32509,-550.55,453.4336696277086,557.2714122203543,1010.7050818480628
2137,3,79.0338,-14.7491,-447.246,-86.2332,-9.40646,-551.97,454.4148567215315,558.7445992329336,1013.1594559544651
2137,4,79.221,-15.0675,-446.923,-86.208,-10.0827,-552.567,454.14002722315723,559.3422651581856,1013.4822923813429
2137,5,79.727,-14.9596,-445.56,-86.8197,-10.2224,-554.923,452.8839782561975,561.7665829317814,1014.6505611879788
2137,6,80.3424,-15.1528,-446.435,-87.1056,-10.4392,-555.216,453.85979972960814,562.1042333090901,1015.9640330386983
2137,7,80.687,-15.4546,-446.403,-87.9587,-11.0193,-557.373,453.8996310189732,564.3782588009393,1018.2778898199125
2137,8,80.788,-15.2763,-446.24,-88.1333,-10.8828,-560.38,453.75125772353516,567.3725921338904,1021.1238498574255
2137,9,81.0073,-15.4613,-446.809,-88.6234,-10.6499,-561.735,454.3561564807723,568.7826804875216,1023.1388369682938
2138,0,81.5902,-15.4148,-447.755,-89.3742,-10.3482,-564.309,455.38897309891024,571.4363309677466,1026.8253040666568
2138,1,81.9344,-15.4765,-448.001,-90.0824,-10.1066,-566.345,455.69470477130847,573.5535207618553,1029.2482255331638
2138,2,81.685,-15.5537,-449.63,-90.9191,-9.32123,-569.01,457.2542987317779,576.30334735582,1033.557646087598
2138,3,82.2843,-15.2812,-449.959,-91.0845,-9.08818,-571.623,457.67600197184254,578.90572227692,1036.5817242487624
2138,4,82.2857,-14.69,-450.853,-91.713,-8.65783,-573.642,458.5358875088078,580.9917181451979,1039.5276056540056
2138,5,82.4878,-14.5568,-452.706,-92.344,-7.91495,-576.45,460.3898999881296,583.8532891656109,1044.2431891537406
2138,6,82.7231,-14.2697,-453.199,-92.8962,-7.48224,-578.792,460.90787497362203,586.2472747517533,1047.1551497253754
2138,7,82.8166,-13.8886,-454.405,-93.233,-6.81742,-581.062,462.0988925224989,588.5337011152857,1050.6325936377846
2138,8,82.8248,-13.1508,-456.586,-93.8189,-6.32472,-583.332,464.22372454634416,590.8622600101384,1055.0859845564826
2138,9,83.0352,-12.6523,-457.551,-94.6467,-5.71898,-584.883,465.1965635463465,592.5190530625412,1057.7156166088876
2139,0,82.9895,-12.0458,-459.39,-94.8814,-4.82015,-587.062,466.9812956724177,594.6995087907694,1061.680804463187
2139,1,83.1924,-11.4938,-461.196,-95.2426,-4.02376,-589.187,468.7801545204319,596.8489461063809,1065.629100626813
2139,2,82.9364,-11.2278,-461.964,-95.7682,-3.24545,-590.0,469.4840223413359,597.7307764177301,1067.214798759066
2139,3,82.905,-10.5754,-463.35,-96.1739,-2.53457,-592.087,470.82725134613867,599.8523640491007,1070.6796153952394
2139,4,83.1864,-10.0148,-466.718,-96.2868,-2.24942,-593.781,474.1792539620434,601.541423100335,1075.7206770623784
2139,5,83.0086,-9.68019,-468.402,-96.9146,-1.60105,-594.542,475.7988727985766,602.3912290349707,1078.1901018335473
2139,6,83.0547,-9.43832,-469.867,-97.6128,-1.03741,-595.335,477.24434283238224,603.2852535644711,1080.5295963968533
2139,7,82.9236,-8.99548,-472.36,-98.3803,-0.975401,-597.44,479.66781390603063,605.4867367954486,1085.1545507014791
2139,8,82.9781,-8.52893,-474.819,-99.2259,-0.630471,-597.268,482.0904380793659,605.454573480531,1087.545011559897
2139,9,83.1967,-8.2708,-477.556,-99.8037,-0.792164,-598.651,484.819378902628,606.9138537374912,1091.7332326401192
2140,0,83.5005,-7.89717,-480.469,-100.691,-0.956621,-598.833,487.73472170357,607.240112717974,1094.974834421544
2140,1,83.7434,-7.7172,-482.234,-101.278,-1.04264,-599.554,489.51214793445115,608.0487803607286,1097.5609282951798
2140,2,83.9773,-7.14246,-484.302,-102.028,-1.18802,-600.508,491.58074499937607,609.114917104745,1100.695662104121
2140,3,83.7912,-7.28731,-487.151,-103.08,-1.20556,-600.907,494.35833854146335,609.6852978577666,1104.0436363992299
2140,4,84.3288,-7.24037,-488.474,-103.478,-1.41285,-600.8,495.7525775456714,609.6477119034586,1105.40028944913
2140,5,84.3923,-6.60474,-491.809,-104.132,-2.0599,-600.353,499.0408554124177,609.3204749727437,1108.3613303851614
2140,6,84.3224,-6.39344,-493.785,-104.762,-2.76048,-600.728,500.9738211142311,609.8006451930256,1110.7744663072567
2140,7,84.5953,-6.02718,-497.479,-105.382,-3.18175,-600.785,504.65636538326,609.9656594285144,1114.6220248117743
2140,8,84.6978,-5.84744,-500.362,-105.934,-3.63871,-600.93,507.5135869347673,610.2066186681885,1117.720205602956
2140,9,85.1256,-5.27218,-502.987,-106.615,-3.82891,-600.518,510.1667235583995,609.9207219801506,1120.0874455385501
2141,0,85.1739,-5.06748,-504.422,-107.038,-4.67403,-601.182,511.58755524226785,610.6543843488238,1122.2419395910915
2141,1,85.315,-4.84274,-508.066,-107.563,-5.12343,-601.276,515.2020591105082,610.8427593742639,1126.0448184847721
2141,2,85.6803,-4.53929,-510.661,-108.175,-5.85607,-601.564,517.818863969626,611.2408447386716,1129.0597087082976
2141,3,85.9308,-3.87929,-512.958,-108.246,-6.63373,-601.314,520.1202371024839,611.0153267191527,1131.1355638216364
2141,4,86.0948,-3.03968,-516.411,-108.382,-6.99801,-601.996,523.547395335458,611.7146508658756,1135.2620462013335
2141,5,86.2509,-2.39273,-518.386,-108.744,-7.9277,-602.378,525.5178283404501,612.1661219369216,1137.6839502773719
2141,6,86.5469,-1.7015,-521.786,-108.857,-8.59299,-602.127,528.9176597523096,611.9482086379043,1140.865868390214
2141,7,86.5084,-0.792099,-523.908,-109.278,-9.14561,-602.664,531.0027524932294,612.559564746378,1143.5623172396074
2141,8,86.7803,-0.486924,-526.009,-109.399,-9.41352,-604.176,533.1196166378347,614.0727925383036,1147.1924091761384
2141,9,86.7422,0.0251825,-529.296,-109.545,-9.51025,-605.366,536.3566588670251,615.2711157173417,1151.6277745843668
2142,0,86.5254,0.91828,-532.718,-109.494,-9.51789,-605.497,539.699875493147,615.3910490696562,1155.0909245628031
2142,1,86.7106,1.43242,-535.114,-109.967,-9.24041,-606.358,542.0957230742707,616.318221724758,1158.4139447990287
2142,2,87.0847,1.62117,-536.814,-109.891,-9.20409,-607.188,543.8342061347914,617.1207454767082,1160.9549516114996
2142,3,86.9845,2.54288,-539.174,-109.941,-8.92771,-608.574,546.151418340138,618.489321623942,1164.64073996408
2142,4,86.968,3.55332,-541.616,-109.813,-8.82372,-608.311,548.5653566923656,618.2062970600011,1166.7716537523668
2142,5,87.177,4.35285,-544.206,-110.276,-8.46892,-609.691,551.1614528140757,619.6415369090153,1170.8029897230908
2142,6,86.9208,4.92105,-545.501,-109.994,-7.66636,-610.307,552.4045466926775,620.1871389835891,1172.5916856762665
2142,7,86.8184,5.8141,-548.541,-109.881,-7.0844,-611.225,555.3993761415024,621.063622754835,1176.4629988963375
2142,8,87.0205,6.46737,-549.171,-109.803,-6.67675,-612.341,556.060411768332,622.143695684978,1178.20410745331
2142,9,86.8342,7.50624,-550.811,-109.588,-5.6668,-612.613,557.6641279924482,622.3635032159582,1180.0276312084065
2143,0,86.8787,8.66475,-552.604,-109.561,-4.8518,-613.207,559.458816377267,622.9365758512178,1182.3953922284848
2143,1,86.7463,9.48043,-552.795,-109.286,-3.86683,-613.424,559.6401621950258,623.0950055539274,1182.7351677489532
2143,2,86.7302,10.5366,-554.399,-109.526,-3.40529,-613.156,561.240945345758,622.8706294343826,1184.1115747801405
2143,3,86.5899,11.4151,-555.753,-109.012,-2.67065,-613.548,562.574006064109,623.1628172632113,1185.7368233273203
2143,4,86.504,12.4798,-556.182,-108.803,-2.30492,-614.035,563.0071975987873,623.6043510834464,1186.6115486822337
2143,5,86.3557,13.7768,-555.341,-108.166,-1.51059,-614.809,562.1838964446865,624.253371572111,1186.4372680167976
2143,6,85.7799,14.8867,-556.406,-108.155,-0.998533,-615.189,563.1762085856433,624.6246927669063,1187.8009013525495
2143,7,85.5755,15.9749,-555.087,-107.751,-0.738747,-615.657,561.8718191894483,625.0154921256992,1186.8873113151476
2143,8,85.1394,17.202,-555.354,-107.148,0.184265,-614.993,562.1055875477133,624.2572529867717,1186.362840534485
2143,9,84.6716,17.8871,-553.948,-107.283,0.714756,-615.905,560.6671159404393,625.1792718813856,1185.846387821825
2144,0,84.1342,18.9952,-553.491,-106.829,1.38861,-616.752,560.1711062824287,625.9372116935788,1186.1083179760076
2144,1,83.8682,19.8817,-551.559,-106.355,1.67576,-616.272,558.2530675662517,625.3841796692475,1183.6372472354992
2144,2,83.3539,20.5982,-550.611,-106.095,2.39176,-616.626,557.2653154552596,625.6912125137268,1182.9565279689864
2144,3,82.7389,21.3665,-549.797,-106.068,2.54917,-617.113,556.398233376473,626.1672090270209,1182.5654424034938
2144,4,82.5338,22.2117,-548.254,-105.931,2.69627,-617.31,554.8762350969178,626.338792294484,1181.2150273914017
2144,5,82.2382,22.3702,-546.92,-105.432,3.05762,-617.616,553.520581177683,626.5578816997391,1180.0784628774222
2144,6,81.7871,23.0057,-545.47,-105.37,3.23968,-618.514,552.0470205144667,627.4335826384355,1179.4806031529022
2144,7,81.4583,22.8691,-544.736,-105.234,3.46404,-619.631,551.2674124866262,628.5131426550455,1179.7805551416718
2144,8,81.2166,23.0537,-543.796,-105.079,3.69649,-618.756,550.3105476140269,627.6258820470362,1177.936429661063
2144,9,80.9828,23.1476,-542.09,-104.993,3.79288,-619.772,548.5941973641355,628.6137510202067,1177.2079483843422
2145,0,81.3087,22.8771,-542.34,-104.916,4.00794,-619.923,548.8780757145433,628.7511086018407,1177.629184316384
2145,1,81.2094,22.6365,-540.932,-105.251,4.37857,-620.208,547.4621506593949,629.0905404949631,1176.552691154358
2145,2,81.1939,22.4742,-541.202,-104.264,4.6985,-620.102,547.719950218038,628.823940385741,1176.543890603779
2145,3,81.263,22.0408,-540.667,-104.337,4.59754,-621.66,547.1839516311128,630.3717177531456,1177.5556693842584
2145,4,81.1315,21.7143,-540.164,-104.295,4.44191,-621.722,546.6543496696427,630.4247955731502,1177.079145242793
2145,5,81.3253,21.0546,-539.385,-104.699,4.4244,-622.707,545.8876064046975,631.4629551805554,1177.3505615852528
2145,6,81.5592,20.9124,-540.03,-104.272,4.63089,-622.982,546.5543271060983,631.6649962204586,1178.219323326557
2145,7,81.8624,20.3474,-539.529,-103.797,4.52055,-623.718,546.0833371029737,632.3119452495757,1178.3952823525494
2145,8,81.7552,19.8662,-539.754,-103.949,4.50214,-623.953,546.2718729217897,632.5685813210924,1178.840454242882
2145,9,82.1574,19.1904,-540.222,-104.045,4.5035,-623.829,546.7704446208847,632.462065880832,1179.2325105017167
2146,0,82.7641,18.8395,-539.982,-104.054,4.50369,-625.53,546.6126446882289,634.1413872628218,1180.7540319510508
2146,1,83.1781,18.7378,-539.801,-104.192,4.43458,-626.328,546.4932031319786,634.9507082819707,1181.4439114139493
2146,2,83.7078,18.0347,-541.242,-104.347,4.28732,-627.693,547.9736752335189,636.3216008990912,1184.29527613261
2146,3,84.2522,17.3965,-541.849,-104.297,3.85697,-629.582,548.6359541791716,638.1741417125743,1186.8100958917457
2146,4,85.0771,16.7748,-541.607,-104.631,3.73202,-631.959,548.5049218634688,640.5729871101968,1189.0779089736657
2146,5,85.4445,16.1537,-543.323,-105.226,3.51637,-632.956,550.237754914128,641.6526894434223,1191.8904443575502
2146,6,86.4555,15.3236,-542.798,-105.298,3.4212,-635.343,549.853648711373,644.0187117331607,1193.8723604445336
2146,7,87.2678,15.1651,-545.191,-105.711,3.3408,-638.51,552.3394569065748,647.2101641396247,1199.5496210461995
2146,8,87.4173,14.4608,-547.667,-105.696,2.85015,-641.465,554.7882857135053,650.1208456864174,1204.9091313999227
2146,9,88.4725,13.6151,-548.214,-106.031,2.92335,-643.954,555.4739813891017,652.6314986669142,1208.105480056016
2147,0,89.1524,12.9698,-550.288,-106.419,2.87213,-647.962,557.6138888888977,656.6490738101569,1214.2629626990547
2147,1,89.5661,12.905,-553.005,-106.808,2.72585,-649.453,560.3598444920996,658.1827848943046,1218.5426293864043
2147,2,90.5145,12.1401,-554.461,-107.265,2.22521,-652.308,561.9317193923653,661.0722038087399,1223.0039232011052
2147,3,90.9695,11.6338,-556.784,-107.319,2.5754,-656.105,564.2864679298007,664.8291295296559,1229.1155974594567
2147,4,91.4976,11.2368,-557.039,-107.456,2.42341,-656.987,564.6153770497223,665.7211000269017,1230.3364770766239
2147,5,92.2531,11.3353,-559.661,-107.749,2.46492,-660.051,567.3266769742984,668.7923784199447,1236.119055394243
2147,6,92.4032,11.1433,-562.302,-108.128,2.54348,-661.594,569.9526855004107,670.3765766421963,1240.329262142607
2147,7,93.2491,11.0489,-563.157,-108.311,2.96562,-664.037,570.9319394560266,672.8188500569707,1243.7507895129975
2147,8,93.6956,10.624,-565.556,-108.328,3.29571,-666.059,573.3631693537352,674.8187969887947,1248.18196634253
2147,9,94.0147,10.8533,-566.56,-108.26,3.26385,-668.148,574.4099507642428,676.8697291361334,1251.2796799003763
2148,0,94.5356,10.7466,-566.936,-108.456,3.32491,-670.971,574.8642423867743,679.6880474184522,1254.5522898052266
2148,1,95.2904,10.5222,-569.74,-108.209,3.60846,-671.599,577.7496383599041,680.2701121360335,1258.0197504959376
2148,2,95.1623,10.8455,-571.81,-108.447,3.57694,-673.069,579.7759604463951,681.7590667308823,1261.5350271772772
2148,3,95.7651,11.0252,-573.036,-108.14,3.77378,-674.69,581.0875723236989,683.3118593405858,1264.3994316642847
2148,4,96.1178,11.1109,-573.445,-107.889,3.8685,-675.308,581.5507300319123,683.882955246912,1265.4336852788242
2148,5,96.6392,11.0496,-575.378,-107.862,4.08551,-676.511,583.5418335653409,685.0679057998266,1268.6097393651676
2148,6,97.045,11.1803,-576.328,-107.862,4.25103,-677.808,584.5482826226504,686.349741140813,1270.8980237634632
2148,7,97.0855,11.405,-577.578,-107.518,4.40733,-678.388,585.7917841855158,686.8695825451357,1272.6613667306515
2148,8,97.853,11.778,-577.715,-107.61,4.5622,-679.735,586.0619012681169,688.2153703557049,1274.277271623822
2148,9,98.0122,11.8875,-580.047,-107.903,4.64974,-680.048,588.3895191232506,688.5709548006419,1276.9604739238926
2149,0,98.5082,12.1741,-580.611,-107.802,5.21026,-679.064,589.0341310136874,687.5873283512921,1276.6214593649795
2149,1,98.8451,12.4852,-582.1,-107.715,5.35065,-678.933,590.5646823278971,687.4453935909546,1278.0100759188517
2149,2,98.8779,12.2394,-583.15,-108.187,5.36005,-680.222,591.6000038207995,688.7925133078919,1280.3925171286915
2149,3,99.1564,12.625,-583.983,-107.975,5.84143,-680.821,592.4757603269184,689.3547395720472,1281.8304998989656
2149,4,99.8166,12.9522,-584.939,-108.282,6.04355,-681.023,593.5358008085105,689.6041201657677,1283.139920974278
2149,5,100.03,12.9855,-585.771,-108.602,6.06044,-681.185,594.3923691899569,689.8145602710873,1284.2069294610442
2149,6,100.047,13.055,-586.732,-108.501,5.9917,-681.491,595.3438292768305,690.1002467402036,1285.4440760170341
2149,7,100.745,13.1318,-587.708,-108.62,6.18969,-682.101,596.4249260889756,690.7230927537432,1287.1480188427188
2149,8,100.617,13.627,-589.412,-109.05,6.01051,-682.75,598.0936227397848,691.4301058172548,1289.5237285570397
2149,9,101.081,13.8233,-591.642,-109.242,5.98317,-682.253,600.3738071800685,690.9694413620974,1291.3432485421658
2150,0,101.138,13.7693,-592.322,-109.602,6.05171,-682.607,601.0522775520362,691.3765530063368,1292.4288305583732
2150,1,101.348,13.831,-592.081,-110.128,5.7857,-682.807,600.8515825276654,691.6552970645782,1292.5068795922436
2150,2,101.442,13.9776,-592.194,-110.397,5.40423,-685.117,600.9821846791799,693.9755089337756,1294.9576936129556
2150,3,101.451,13.8548,-594.832,-110.561,5.49699,-684.848,603.5804578579726,693.7367906663593,1297.317248524332
2150,4,101.38,14.1165,-594.267,-110.923,4.96523,-684.915,603.0177835364808,693.8567018217472,1296.874485358228
2150,5,101.86,14.1482,-595.328,-111.448,4.61677,-684.792,604.1448988009747,693.8170180481543,1297.961916849129
2150,6,101.779,14.1484,-595.613,-111.717,3.96116,-685.489,604.4121009977879,694.5441296264376,1298.9562306242256
2150,7,102.111,14.4957,-596.069,-112.019,3.94849,-686.3,604.9256436955619,695.3930808789228,1300.3187245744848
2150,8,102.71,14.3295,-596.122,-112.604,3.54562,-686.824,605.0752990779329,696.0024706947414,1301.0777697726744
2150,9,102.917,14.4426,-598.016,-112.334,3.42243,-687.168,606.9791049449395,696.297709896496,1303.2768148414357
2151,0,103.351,14.3909,-598.967,-112.563,3.00128,-686.777,607.9884820395943,695.9468976722567,1303.935379711851
2151,1,103.471,14.1736,-601.383,-112.804,2.74151,-686.864,610.3840196687328,696.070695252343,1306.4547149210757
2151,2,103.759,14.0806,-602.826,-113.174,2.71476,-686.882,611.852416562491,696.148408115581,1308.0008246780721
2151,3,104.071,13.7949,-605.292,-113.151,2.50929,-686.455,614.3284769331551,695.722582903778,1310.051059836933
2151,4,104.523,13.7618,-607.608,-113.484,1.79547,-686.542,616.6862462648571,695.8604455869876,1312.5466918518446
2151,5,104.782,13.6925,-608.87,-113.667,1.36171,-686.134,617.9720292863182,695.486813030358,1313.458842316676
2151,6,104.947,13.7553,-612.049,-113.822,1.04263,-686.362,621.1336889012622,695.7365376385783,1316.8702265398406
2151,7,105.453,13.6944,-614.885,-113.771,0.940121,-684.97,624.0123676862182,694.3548265609555,1318.3671942471738
2151,8,105.999,14.0338,-618.091,-113.829,0.589787,-684.209,627.2712490019289,693.6132530241224,1320.8845020260515
2151,9,106.545,14.2846,-621.933,-113.906,0.47773,-682.703,631.1549281366343,692.140297389881,1323.2952255265154
2152,0,106.811,14.0315,-624.092,-114.052,0.126406,-682.226,633.3216380144058,691.6937109432736,1325.0153489576794
2152,1,107.255,14.4857,-627.359,-113.658,-0.259755,-680.758,636.6260954520243,690.180891506466,1326.8069869584901
2152,2,107.932,14.682,-630.343,-114.014,-0.303702,-679.281,639.685215865585,688.7829566648006,1328.4681725303856
2152,3,108.495,14.9077,-633.999,-114.137,-0.301147,-678.968,643.388013989451,688.4946553768705,1331.8826693663214
2152,4,109.04,15.4885,-637.311,-114.145,-0.642289,-677.522,646.7572388100887,687.070268636447,1333.8275074465357
2152,5,109.935,15.6933,-640.858,-114.007,-0.617451,-676.902,650.4083025714616,686.4359364855088,1336.8442390569703
2152,6,110.452,15.9876,-643.858,-114.332,-1.43072,-676.273,653.4587759160939,685.8709964072824,1339.3297723233763
2152,7,110.989,16.2984,-646.06,-114.651,-1.95181,-676.341,655.72686353661,685.9925725868146,1341.7194361234247
2152,8,111.464,16.471,-648.326,-114.756,-1.73046,-675.789,658.0441622056987,685.4653211861353,1343.509483391834
2152,9,111.862,17.1127,-651.623,-115.314,-2.44768,-677.0,661.3762058573699,686.754912420277,1348.131118277647
2153,0,112.392,17.3941,-654.459,-115.386,-2.75427,-676.172,664.267340052038,685.9519579265249,1350.2192979785627
2153,1,112.449,17.7667,-657.666,-115.66,-2.98716,-676.754,667.4466276683778,686.5727457748856,1354.0193734432632
2153,2,112.868,18.1548,-660.051,-115.834,-3.21858,-678.137,669.8776789743334,687.9663259071742,1357.8440048815078
2153,3,113.126,18.6126,-661.751,-116.058,-3.79446,-679.024,671.6087452942821,688.881303176891,1360.4900484711732
2153,4,113.43,19.1483,-663.379,-116.359,-3.86593,-679.263,673.2790802734703,689.1680386268396,1362.4471189003098
2153,5,113.323,19.2751,-666.027,-116.601,-3.66032,-679.139,675.8739501845074,689.0856060494243,1364.9595562339318
2153,6,113.586,19.9772,-667.776,-116.903,-4.11294,-679.979,677.6619024940387,689.9671500335676,1367.6290525276063
2153,7,113.48,20.1983,-668.969,-117.146,-4.10828,-680.524,678.826343540003,690.545420560124,1369.371764100127
2153,8,113.672,20.9789,-670.111,-117.31,-4.30391,-681.438,680.0074927162274,691.4751677285947,1371.4826604448222
2153,9,113.557,21.2778,-670.96,-117.603,-4.33183,-682.697,680.8342372573812,692.7657787226134,1373.6000159799946
2154,0,114.167,22.1362,-672.502,-117.982,-4.19407,-682.994,682.4830072928116,693.1220286379339,1375.6050359307455
2154,1,114.173,22.2346,-673.404,-118.371,-4.10669,-684.873,683.3760301489656,695.0392684393855,1378.415298588351
2154,2,114.303,22.7205,-673.347,-118.622,-4.16682,-685.836,683.3575779474828,696.0312925213294,1379.3888704688122
2154,3,114.668,22.5002,-674.637,-119.267,-4.0388,-686.075,684.6824745771137,696.3762164372359,1381.0586910143497
2154,4,114.919,22.6743,-676.248,-119.898,-4.2266,-686.667,686.317607194723,697.0688369455057,1383.3864441402288
2154,5,115.152,23.1853,-676.568,-119.971,-3.91263,-688.601,686.6890124824264,698.984754279746,1385.6737667621724
2154,6,115.456,23.1732,-676.734,-120.108,-3.9347,-689.993,686.9031896055222,700.3797209921844,1387.2829105977066
2154,7,115.698,23.3039,-677.767,-120.812,-3.53189,-691.006,687.9659913456552,701.4964758478634,1389.4624671935185
2154,8,115.723,23.3206,-677.309,-121.453,-3.68321,-692.264,687.5195594267554,702.8469555606712,1390.3665149874266
2154,9,116.21,23.3206,-678.694,-121.458,-3.50575,-693.703,688.9660079571124,704.2642886417445,1393.230296598857
2155,0,116.408,23.7358,-679.74,-122.134,-3.41021,-695.59,690.0439683568287,706.2391886522895,1396.2831570091182
2155,1,116.912,23.5772,-680.863,-122.363,-3.12554,-697.107,691.2298639908726,707.7716031448928,1399.0014671357653
2155,2,116.552,23.8305,-681.421,-122.587,-2.81437,-697.28,691.7274323570304,707.9794429554412,1399.7068753124715
2155,3,116.92,23.5852,-683.074,-122.889,-2.98269,-698.138,693.4094299438391,708.8774716441736,1402.2869015880128
2155,4,117.318,23.691,-683.702,-123.063,-2.80512,-699.253,694.0988412387677,710.0050201767692,1404.1038614155368
2155,5,117.708,24.0557,-684.34,-123.082,-2.50152,-700.96,694.8057898193495,711.6883854091694,1406.494175228519
2155,6,117.68,24.0961,-686.444,-123.356,-2.32708,-700.6,696.8748593335894,711.3806843296537,1408.255543663243
2155,7,118.229,24.3737,-686.545,-123.325,-2.10293,-699.811,697.0769044500685,710.5975750455281,1407.6744794955966
2155,8,118.575,23.9213,-688.415,-123.315,-1.86767,-701.713,698.9617095690506,712.4683935342176,1411.4301031032683
2155,9,118.816,24.1401,-689.079,-123.727,-1.83826,-700.84,699.664101212153,711.680023134574,1411.3441243467269
2156,0,118.842,24.3824,-691.312,-123.713,-1.76874,-701.829,701.8762025726189,712.6513734296648,1414.5275760022837
2156,1,119.678,23.991,-692.155,-123.909,-1.48443,-701.984,702.8349278386781,712.8374148916603,1415.6723427303384
2156,2,119.917,24.2183,-692.808,-124.006,-1.65105,-701.698,703.5265011411368,712.5730118423672,1416.0995129835042
2156,3,120.491,24.252,-694.914,-123.878,-1.26592,-701.801,705.6994459265219,712.6513909608585,1418.3508368873804
2156,4,120.488,24.1826,-696.609,-123.517,-1.27809,-701.536,707.3657152900189,712.3277631112296,1419.6934784012485
2156,5,121.315,24.1742,-696.786,-123.608,-1.28632,-701.64,707.681037591541,712.445985238981,1420.127022830522
2156,6,121.624,24.2437,-698.095,-123.558,-1.42151,-701.802,709.0252346642467,712.597114264912,1421.6223489291588
2156,7,121.997,23.697,-699.56,-123.07,-1.43981,-701.964,710.513201438228,712.6722635607732,1423.1854649990012
2156,8,121.9,23.4226,-701.752,-123.279,-1.16444,-701.269,712.6458431049465,712.0233690845502,1424.6692121894966
2156,9,122.787,23.4665,-701.123,-122.975,-1.26347,-702.173,712.180303799712,712.8613953009666,1425.0416991006787
2157,0,122.618,23.5436,-701.309,-123.271,-1.34979,-702.594,712.3368504478482,713.3273373494417,1425.6641877972897
2157,1,122.793,22.928,-702.798,-122.975,-1.08269,-702.489,713.812890635214,713.1723620301309,1426.985252665345
2157,2,123.166,22.5056,-703.844,-122.655,-1.38852,-702.043,714.8935178915528,712.6784344020734,1427.5719522936263
2157,3,123.348,22.8794,-704.533,-123.097,-1.15919,-701.13,715.6150809879289,711.85496558671,1427.470046574639
2157,4,123.643,22.5132,-705.909,-122.615,-1.18925,-701.728,717.0090319544378,712.3608906478249,1429.3699226022627
2157,5,123.885,21.9772,-707.519,-122.267,-1.19838,-702.536,718.6192496070781,713.0971088846345,1431.7163584917125
2157,6,124.189,21.6419,-707.843,-122.025,-1.19696,-701.634,718.9805228277119,712.1669771157897,1431.1474999435015
2157,7,124.293,21.6071,-707.57,-121.997,-1.26512,-701.927,718.7286842191635,712.4509680438468,1431.1796522630102
2157,8,124.232,21.2609,-709.277,-121.998,-0.999121,-702.127,720.3884219098819,712.6477631872373,1433.0361850971192
2157,9,124.292,21.2882,-710.213,-121.793,-0.893445,-702.002,721.3211449085906,712.4893971821391,1433.8105420907295
2158,0,124.648,20.8804,-711.318,-121.629,-0.883701,-701.556,722.4585885240482,712.0219208033257,1434.480509327374
2158,1,124.97,20.2756,-712.023,-121.679,-0.746019,-702.356,723.1910905039967,712.818550769653,1436.0096412736498
2158,2,124.863,20.1387,-713.983,-121.552,-0.862113,-702.756,725.0986555605313,713.1911577402125,1438.2898133007438
2158,3,125.195,19.5765,-714.501,-121.328,-0.743281,-702.796,725.6505401212418,713.192297817808,1438.8428379390498
2158,4,125.377,19.7172,-715.7,-121.232,-0.792981,-702.51,726.8663220323529,712.8941904258068,1439.7605124581596
2158,5,125.394,19.1188,-718.018,-121.223,-0.390421,-701.757,729.1358118165915,712.1503038028961,1441.2861156194876
2158,6,125.603,18.9745,-719.588,-120.812,-0.469196,-701.09,730.7140583041015,711.4231846017435,1442.1372429058451
2158,7,125.906,18.7578,-721.055,-120.688,-0.282557,-700.87,732.2052232276412,711.185229094684,1443.3904523223252
2158,8,126.01,19.0788,-723.101,-120.816,0.0902328,-698.994,734.2462644851794,709.3582494296928,1443.6045139148723
2158,9,126.088,18.6363,-723.331,-120.287,-0.0673403,-698.029,734.4747994197554,708.3173383058727,1442.792137725628
2159,0,126.514,18.3698,-725.507,-120.076,0.04289,-698.219,736.6842259727297,708.4687851815013,1445.153011154231
2159,1,126.356,18.5523,-726.935,-119.852,-0.143265,-696.545,738.0681003784745,706.7810548209821,1444.8491551994566
2159,2,126.053,18.6463,-728.237,-119.961,0.0361314,-697.026,739.3011372111434,707.2735591710452,1446.5746963821887
2159,3,126.436,18.8623,-729.249,-120.048,0.270702,-695.838,740.3687948977118,706.1176373859902,1446.486432283702
2159,4,126.417,18.542,-730.516,-119.989,0.29881,-695.664,741.6054813099752,705.9361517194144,1447.5416330293897
2159,5,126.548,18.7073,-732.836,-119.98,0.162676,-695.378,743.9173087603823,705.652740196962,1449.5700489573442
2159,6,126.148,19.0787,-733.829,-119.364,0.419213,-695.625,744.8371069829227,705.7918112733665,1450.6289182562891
2159,7,126.445,19.1204,-734.063,-119.69,0.0464587,-694.38,745.1190614191534,704.6199561880226,1449.7390176071758
2159,8,126.348,19.4669,-735.819,-119.473,0.195847,-695.06,746.8416017206124,705.253315968842,1452.0949176894544
2159,9,125.983,19.7156,-737.484,-119.641,0.086834,-694.75,748.4270648689558,704.9762683389729,1453.4033332079287
2160,0,126.08,19.8112,-738.967,-120.011,0.342199,-694.692,749.907245687385,704.9820792652503,1454.8893249526352
2160,1,125.82,19.6813,-738.982,-120.331,0.448398,-694.55,749.8749377687521,704.8967677055742,1454.7717054743264
2160,2,126.064,20.0789,-740.562,-120.095,0.184676,-694.531,751.4834463680554,704.8376785411127,1456.3211249091682
2160,3,125.819,20.614,-741.482,-120.195,0.422336,-694.53,752.3635518025843,704.8538410852968,1457.217392887881
2160,4,125.577,20.5353,-741.862,-120.077,0.390722,-694.816,752.6954952164187,705.1155312774505,1457.8110264938691
2160,5,125.622,20.6563,-743.352,-120.126,0.0384783,-693.857,754.1748905377916,704.1788081201958,1458.3536986579875
2160,6,125.213,20.4659,-743.817,-120.478,0.0607895,-695.004,754.5600558741564,705.3690609853563,1459.9291168595128
2160,7,124.607,20.7165,-743.998,-120.593,0.00199635,-694.61,754.6450170942959,705.0005132998028,1459.6455303940988
2160,8,124.401,20.6124,-745.323,-120.671,-0.143406,-693.534,755.9145812615074,703.9537768648456,1459.868358126353
2160,9,124.315,20.7337,-745.774,-120.953,0.180211,-693.254,756.3484412733923,703.7263453935802,1460.0747866669726
2161,0,124.029,20.6812,-746.534,-120.922,0.364562,-692.664,757.0494818903451,703.1398722057027,1460.1893540960477
2161,1,123.3,20.3965,-747.495,-120.981,0.246887,-692.871,757.8704917314369,703.3538838701261,1461.224375601563
2161,2,123.285,20.7781,-747.163,-120.923,0.159447,-691.628,757.5509680764786,702.1194255511991,1459.6703936276776
2161,3,122.807,20.8976,-747.693,-120.845,-0.123453,-691.738,757.999400516755,702.2143475532548,1460.2137480700098
2161,4,122.262,21.0444,-747.328,-120.699,-0.0927183,-690.636,757.5552804907111,701.103659734909,1458.65894022562
2161,5,121.855,21.4062,-747.565,-120.68,-0.151128,-690.337,757.7336574604827,700.805863851518,1458.5395213120007
2161,6,121.813,21.0335,-746.733,-120.544,-0.16043,-690.461,756.8956258165653,700.9046113379372,1457.8002371545026
2161,7,121.327,21.1207,-746.626,-120.662,-0.228199,-690.196,756.7144169192826,700.6638914164078,1457.3783083356902
2161,8,120.989,21.4141,-746.915,-120.203,-0.442694,-689.158,756.9537099617188,699.5625105385349,1456.5162205002537
2161,9,120.817,21.379,-746.658,-120.41,-0.607827,-688.593,756.6716448328165,699.0416705766988,1455.7133154095154
2162,0,120.383,22.063,-746.914,-120.175,-0.900995,-688.107,756.87473603893,698.522788365555,1455.397524404485
2162,1,120.471,22.0091,-745.645,-120.069,-1.28128,-687.906,755.6349173700287,698.3071468024929,1453.9420641725214
2162,2,120.002,21.5765,-744.324,-119.923,-0.984889,-688.028,754.2441529983842,698.4017645448373,1452.6459175432215
2162,3,119.804,22.1485,-744.763,-119.7,-1.41663,-687.478,754.6624945213921,697.8223966917061,1452.4848912130983
2162,4,119.092,22.6401,-744.111,-119.535,-1.48348,-687.399,753.9208571945798,697.7164195709532,1451.637276765533
2162,5,119.007,22.6922,-744.601,-119.517,-1.68733,-688.113,754.3926372856777,698.4172543261865,1452.8098916118643
2162,6,119.007,22.4845,-744.819,-119.107,-1.92098,-687.497,754.6015912720102,697.7408491855414,1452.3424404575517
2162,7,118.661,22.7354,-745.561,-118.914,-2.22263,-686.544,755.2870554002366,696.7697922672286,1452.0568476674653
2162,8,118.202,23.0465,-746.086,-118.759,-1.91781,-686.284,755.7427957726425,696.48625738933,1452.2290531619724
2162,9,117.944,22.8732,-746.431,-118.536,-1.87061,-686.977,756.0378351479773,697.1310357506486,1453.1688708986258
2163,0,117.432,23.1941,-746.465,-118.576,-2.07476,-685.794,756.0014795777915,695.9726882867299,1451.9741678645214
2163,1,117.303,23.029,-746.467,-118.243,-2.44346,-685.475,755.9783798092377,695.6028703008432,1451.5812501100809
2163,2,117.295,23.2108,-748.206,-118.128,-2.28536,-684.458,757.6998592435134,694.5805936090711,1452.2804528525844
2163,3,117.018,23.168,-748.713,-118.05,-2.46119,-684.606,758.156398717969,694.7137793308955,1452.8701780488645
2163,4,117.053,23.3663,-748.602,-117.836,-2.4207,-683.363,758.058271631337,693.4523577387923,1451.5106293701292
2163,5,117.132,23.4607,-750.033,-117.466,-2.61533,-683.046,759.4865442899498,693.0778738518558,1452.5644181418056
2163,6,116.655,23.4689,-750.358,-117.214,-2.71077,-682.457,759.7343657201574,692.45507213031,1452.1894378504674
2163,7,116.387,23.3998,-750.955,-117.049,-2.44636,-682.377,760.2808010426411,692.347328446676,1452.628129489317
2163,8,116.361,23.5994,-750.158,-116.757,-2.27073,-680.668,759.4957794256397,690.6129737325624,1450.108753158202
2163,9,116.36,23.7633,-751.501,-116.789,-2.7982,-680.86,760.8272451929478,690.8095541060792,1451.636799299027
2164,0,116.501,23.5027,-751.97,-116.388,-2.87415,-680.633,761.3039739869286,690.518434200871,1451.8224081877995
2164,1,116.24,23.4688,-752.15,-116.4,-3.01059,-680.167,761.4408346506247,690.061715748054,1451.5025503986785
2164,2,115.72,23.5378,-753.763,-116.0,-2.75575,-679.112,762.9572770462577,688.953338552084,1451.9106155983418
2164,3,115.799,23.4077,-753.965,-116.148,-3.05931,-678.974,763.1648249528342,688.8435308237105,1452.0083557765447
2164,4,115.33,23.8748,-755.411,-115.766,-3.24335,-678.69,764.5369800709708,688.5001105121354,1453.0370905831062
2164,5,115.201,23.3821,-755.157,-115.437,-2.98627,-678.65,764.2513249255182,688.4042716874387,1452.655596612957
2164,6,115.055,23.7977,-756.408,-115.058,-3.15402,-678.365,765.4783119163403,688.0605819483924,1453.5388938647327
2164,7,114.969,24.2717,-757.584,-114.875,-3.04382,-677.756,766.6423569291551,687.4290697964353,1454.0714267255903
2164,8,114.892,24.4615,-759.305,-114.924,-3.23055,-677.963,768.3375688271725,687.642197365972,1455.9797661931445
2164,9,114.744,24.34,-760.953,-114.66,-3.32629,-676.578,769.9403154433465,686.2330288532927,1456.1733442966392
2165,0,114.45,24.5315,-761.999,-114.622,-3.47194,-677.094,770.9364908948402,686.7361517259476,1457.6726426207879
2165,1,114.555,25.2477,-762.979,-114.691,-3.2144,-676.481,771.9438119586748,686.1420415696447,1458.0858535283196
2165,2,114.434,25.1951,-763.522,-114.222,-3.17561,-675.957,772.4608584931732,685.5469463369172,1458.0078048300904
2165,3,114.487,25.5936,-766.038,-114.156,-3.44819,-675.186,774.9687238682346,684.7770563813277,1459.7457802495624
2165,4,114.357,25.714,-766.344,-114.224,-3.14332,-675.23,775.2559961593332,684.8303114908265,1460.0863076501596
2165,5,114.686,25.8601,-767.793,-114.302,-3.43609,-673.825,776.7417294165481,683.4594973687089,1460.201226785257
2165,6,115.077,26.085,-769.134,-114.038,-3.551,-673.913,778.1325421224844,683.5027480661654,1461.6352901886498
2165,7,114.842,26.3176,-770.146,-114.137,-3.55992,-672.813,779.1060019982903,682.434803309742,1461.5408053080323
2165,8,115.086,26.6194,-771.266,-113.95,-3.76383,-672.941,780.2593303564911,682.5308479455481,1462.7901783020393
2165,9,115.259,27.0684,-772.695,-114.059,-3.7226,-674.263,781.7127978897109,683.8522548041792,1465.5650526938903
2166,0,115.415,26.8433,-773.29,-113.873,-3.71435,-673.017,782.316182294531,682.5926595077935,1464.9088418023246
2166,1,115.64,27.0855,-774.068,-113.708,-3.9185,-672.393,783.1267474261431,681.9510322268382,1465.0777796529812
2166,2,115.735,27.1184,-774.595,-113.962,-4.01546,-673.331,783.6628177147107,682.918806977822,1466.5816246925328
2166,3,115.813,27.4639,-774.939,-113.727,-4.09266,-674.75,784.0263837991743,684.2792872028757,1468.30567100205
2166,4,116.098,27.7137,-774.972,-114.031,-3.89674,-673.647,784.109938437009,683.2411976400631,1467.3511360770722
2166,5,116.132,27.5312,-775.839,-113.738,-4.2107,-673.612,784.9654529458224,683.1597098647504,1468.1251628105729
2166,6,116.271,27.5742,-775.226,-113.895,-3.98493,-673.914,784.38168835245,683.4822822049631,1467.8639705574133
2166,7,116.634,27.6514,-775.136,-113.992,-4.28842,-673.956,784.3493535242825,683.5417006636072,1467.8910541878897
2166,8,116.817,27.3835,-774.555,-113.934,-4.19974,-673.955,783.793031090638,683.5304939774579,1467.323525068096
2166,9,116.903,27.6244,-774.917,-113.856,-4.18218,-674.665,784.172032001499,684.2174665927145,1468.3894985942134
2167,0,117.258,27.6587,-774.246,-114.188,-4.38626,-675.05,783.5632142754597,684.6536650897208,1468.2168793651804
2167,1,117.093,27.4513,-772.854,-113.69,-3.73164,-675.659,782.1557708261763,685.1674434166364,1467.3232142428128
2167,2,117.276,27.3558,-773.993,-113.41,-4.18412,-675.738,783.3052814954334,685.2015612972393,1468.5068427926726
2167,3,117.579,27.4164,-773.866,-113.382,-4.19194,-675.88,783.2273400398891,685.3370154055328,1468.5643554454218
2167,4,117.614,27.0791,-773.396,-113.314,-4.25189,-676.611,782.7564777558919,686.0470730828695,1468.8035508387613
2167,5,117.821,27.0363,-774.355,-112.896,-4.19396,-676.568,783.733638160115,685.935386709624,1469.6690248697391
2167,6,117.847,26.9671,-774.338,-113.18,-4.18405,-676.121,783.718366593134,685.5412644877057,1469.2596310808397
2167,7,118.125,26.8892,-774.465,-113.636,-3.9097,-675.066,783.8830148221354,684.5747078340611,1468.4577226561964
2167,8,118.229,26.7421,-775.205,-113.352,-4.21231,-675.497,784.6247691593798,684.9544630619878,1469.5792322213674
2167,9,118.377,26.6556,-775.726,-113.509,-4.05525,-674.153,785.1588770537846,683.6541563850559,1468.8130334388406
2168,0,118.81,26.4389,-775.781,-113.81,-4.23134,-674.099,785.2712852856712,683.6520183098969,1468.923303595568
2168,1,118.863,26.5517,-775.639,-113.576,-3.78106,-674.972,785.1428302308376,684.4713324710712,1469.6141627019088
2168,2,119.347,25.8781,-775.763,-113.469,-4.32814,-675.233,785.3162513520333,684.7142112194397,1470.030462571473
2168,3,119.548,25.791,-776.648,-113.597,-3.73149,-675.679,786.218173212118,685.1717401262403,1471.3899133383584
2168,4,119.565,25.514,-776.47,-113.412,-3.5659,-675.597,786.0358861534249,685.0593432658297,1471.0952294192548
2168,5,119.773,24.9955,-777.587,-113.179,-3.69366,-675.577,787.1542981641211,685.0017606504348,1472.1560588145558
2168,6,119.73,25.0726,-778.453,-112.877,-3.50826,-675.577,788.0056988244183,684.9509529493536,1472.956651773772
2168,7,119.998,24.3988,-778.253,-112.84,-3.34249,-675.863,787.8277435165888,685.2261178679635,1473.0538613845524
2168,8,120.033,24.1745,-777.35,-112.772,-3.80159,-675.477,786.9341459355097,684.836588975449,1471.7707349109587
2168,9,120.589,23.8807,-778.544,-112.558,-3.59504,-674.846,788.1895423624256,684.1778653191008,1472.3674076815264
2169,0,120.518,23.637,-778.127,-112.598,-3.6937,-675.193,787.7594329628811,684.5272385177159,1472.2866714805969
2169,1,120.362,23.472,-778.779,-112.471,-3.43883,-675.395,788.3747057516495,684.7042846497814,1473.078990401431
2169,2,120.207,23.2473,-778.433,-112.316,-3.46933,-673.851,788.002598533336,683.155978022332,1471.1585765556679
2169,3,120.605,22.876,-779.104,-112.434,-3.20494,-673.914,788.7153607081582,683.2362368847275,1471.9515975928857
2169,4,120.796,22.9015,-778.761,-112.18,-3.3044,-673.244,788.4065242241784,682.5340687433559,1470.9405929675343
2169,5,121.022,22.6337,-779.427,-112.21,-3.39137,-673.715,789.0912857133135,683.0040166173819,1472.0953023306954
2169,6,121.324,22.8743,-779.086,-112.766,-3.33283,-673.083,788.8077978649108,682.4719799382308,1471.2797778031415
2169,7,121.636,22.2185,-779.32,-112.569,-3.39177,-672.557,789.0682103837729,681.9209647119914,1470.9891750957643
2169,8,121.602,22.4077,-779.355,-111.919,-3.40094,-673.21,789.1028877455018,682.4581548006322,1471.561042546134
2169,9,122.147,22.304,-779.642,-112.105,-3.67302,-673.593,789.4675460011007,682.8678874789181,1472.3354334800188
2170,0,122.356,22.0794,-779.099,-112.279,-3.64329,-673.773,788.9573768216887,683.0738634525728,1472.0312402742616
2170,1,122.789,22.1225,-779.46,-112.095,-3.49671,-675.073,789.3823123982764,684.3252672047292,1473.7075796030058
2170,2,122.981,22.2001,-780.38,-111.998,-3.54544,-675.396,790.3227917762526,684.6282779470868,1474.9510697233395
2170,3,123.482,22.1392,-781.213,-112.193,-3.2149,-676.268,791.2216502786308,685.5187908839627,1476.7404411625935
2170,4,123.82,21.9925,-781.882,-111.881,-2.82402,-676.103,791.9308835878608,685.3032904188921,1477.2341740067527
2170,5,123.855,22.113,-782.822,-111.902,-3.59568,-676.488,792.867788145035,685.6901637493879,1478.5579518944228
2170,6,124.132,22.1304,-783.072,-111.911,-3.84783,-677.259,793.1584111715389,686.4536625277112,1479.6120736992502
2170,7,124.582,22.0606,-783.382,-111.843,-3.86709,-678.07,793.5330508052956,687.242850769703,1480.7759015749984
2170,8,124.841,22.5341,-783.706,-112.038,-3.59316,-678.172,793.9068933948174,687.3737599201658,1481.2806533149833
2170,9,125.145,22.5266,-785.045,-111.727,-3.55449,-679.593,795.2762858010793,688.7250558656626,1484.001341666742
2171,0,125.388,22.5186,-785.498,-111.883,-3.69192,-679.651,795.7614880691074,688.8083316593131,1484.5698197284205
2171,1,125.76,22.9305,-785.388,-111.844,-3.09599,-680.197,795.7233790547127,689.3378158051972,1485.0611948599098
2171,2,125.873,22.6378,-786.524,-111.835,-3.282,-681.273,796.8541175734991,690.3989710870085,1487.2530886605077
2171,3,126.019,23.0772,-786.958,-111.835,-3.38905,-680.845,797.3181543680289,689.9771495563476,1487.2953039243766
2171,4,126.107,22.9319,-786.995,-112.039,-3.05733,-681.759,797.36439443432,690.9105722658533,1488.2749667001733
2171,5,126.254,23.3877,-786.994,-111.864,-2.80412,-681.9,797.3999078651126,691.0202801546235,1488.420188019736
2171,6,126.479,23.4483,-787.427,-111.767,-2.913,-682.328,797.8646755828272,691.427398532919,1489.2920741157463
2171,7,126.712,23.4479,-787.625,-111.962,-3.13648,-683.523,798.0970339397397,692.6391690337693,1490.736202973509
2171,8,126.531,23.9304,-787.208,-111.787,-3.02938,-684.111,797.6711059510429,693.1907175036206,1490.8618234546634
2171,9,126.783,24.0603,-787.589,-112.371,-2.87274,-683.888,798.0910098767496,693.064420396912,1491.1554302736618
2172,0,127.023,23.9304,-787.933,-112.39,-2.99207,-684.13,798.4647262479164,693.3068018438049,1491.7715280917214
2172,1,126.843,24.0511,-787.534,-112.585,-3.07877,-685.165,798.04599066483,694.3600926570542,1492.4060833218841
2172,2,127.094,24.2742,-786.759,-112.477,-3.02077,-685.447,797.3279411275138,694.6206089581513,1491.948550085665
2172,3,127.06,24.094,-786.811,-112.458,-3.21512,-686.177,797.3683679184923,695.338776489284,1492.7071444077762
2172,4,127.466,24.3433,-787.982,-112.798,-3.04106,-686.703,798.5961493363776,695.9120972212824,1494.50824655766
2172,5,127.381,24.1719,-787.549,-112.778,-3.28462,-685.487,798.1501283039488,694.7100785086858,1492.8602068126347
2172,6,127.156,24.6264,-786.9,-112.905,-2.98202,-686.158,797.4877540833841,695.3914238990012,1492.8791779823853
2172,7,127.268,24.6193,-788.274,-112.992,-3.34372,-687.557,798.8611599223547,696.787629609222,1495.6487895315768
2172,8,127.078,24.4041,-788.601,-113.342,-3.26508,-687.03,799.1469923498493,696.324127552253,1495.4711199021021
2172,9,126.982,24.8602,-788.617,-113.391,-3.24518,-687.07,799.1615797553333,696.3714777144685,1495.5330574698019
2173,0,127.251,24.9902,-788.326,-113.391,-3.38102,-687.231,798.9212785832157,696.5309738541714,1495.452252437387
2173,1,127.148,24.9302,-788.866,-113.594,-3.33238,-686.401,799.4358602990236,695.7449492403551,1495.1808095393787
2173,2,126.923,25.4034,-788.652,-113.759,-3.18588,-687.131,799.2038274211154,696.4914005738867,1495.6952279950021
2173,3,127.175,25.3956,-790.058,-113.779,-3.16642,-686.684,800.6310389238978,696.0535919831291,1496.684630907027
2173,4,127.002,25.6632,-789.811,-113.847,-3.43821,-686.321,800.3683674154296,695.7078954115758,1496.0762628270054
2173,5,126.907,26.1112,-789.611,-113.992,-2.9994,-685.996,800.1704273062333,695.4090051763494,1495.5794324825827
2173,6,126.76,26.095,-790.314,-113.603,-2.99985,-685.105,800.8403493961827,694.4663431254409,1495.3066925216235
2173,7,126.811,26.0168,-791.415,-113.886,-2.94071,-685.978,801.9324197388705,695.37362996831,1497.3060497071806
2173,8,127.028,25.8705,-790.821,-114.069,-3.13705,-683.565,801.3758478986312,693.0243048181662,1494.4001527167975
2173,9,127.193,26.4726,-791.596,-114.497,-3.09708,-684.054,802.1864403090842,693.5769819057768,1495.763422214861
2174,0,126.934,26.7585,-791.564,-114.758,-3.15513,-684.316,802.1233220485799,693.8787655385607,1496.0020875871405
2174,1,127.037,26.8526,-791.687,-114.788,-3.16528,-683.769,802.2641506790392,693.3443223265612,1495.6084730056004
2174,2,126.917,27.1379,-791.995,-115.196,-3.16535,-683.121,802.558702233307,692.7730064729878,1495.3317087062949
2174,3,127.315,26.966,-792.901,-115.322,-2.96017,-682.9,803.5099689375359,692.5751484787978,1496.0851174163336
2174,4,127.09,27.3529,-793.154,-115.875,-3.06721,-681.46,803.7370944247938,691.2482585888981,1494.985353013692
2174,5,127.125,27.4733,-793.46,-115.749,-2.74567,-681.256,804.048704642878,691.024679183565,1495.073383826443
2174,6,127.065,27.6208,-793.497,-116.059,-2.69746,-681.116,804.0807868781842,690.9384728233416,1495.0192597015257
2174,7,126.642,27.8447,-793.931,-116.38,-2.76544,-680.385,804.4500955578849,690.2721928945085,1494.7222884523935
2174,8,126.796,27.8023,-794.418,-116.486,-2.97887,-679.151,804.9535093564659,689.0747003507507,1494.0282097072168
2174,9,126.753,28.069,-795.196,-116.7,-2.80426,-679.272,805.7238175615762,689.2294275915297,1494.9532451531059
2175,0,126.745,28.4482,-795.002,-116.932,-2.57001,-677.469,805.5443967356734,687.4910497863956,1493.035446522069
2175,1,126.607,28.2857,-795.828,-117.369,-2.95045,-676.355,806.3322013025959,686.4694263703246,1492.8016276729204
2175,2,126.66,28.3283,-795.649,-117.495,-2.73557,-675.523,806.1653548633121,685.6703886688013,1491.8357435321134
2175,3,126.53,28.3361,-796.622,-117.641,-2.42298,-674.856,807.1055608451784,685.0371496853878,1492.142710530566
2175,4,126.235,28.4047,-796.031,-117.999,-2.72567,-672.933,806.4784282100111,683.205690672252,1489.6841188822632
2175,5,126.2,28.2067,-796.371,-117.844,-2.7053,-671.534,806.8016035965037,681.8008801256346,1488.6024837221385
2175,6,126.063,28.2485,-797.148,-117.883,-2.89998,-670.239,807.5486311209066,680.5329739946482,1488.0816051155548
2175,7,126.39,28.6705,-797.384,-118.028,-2.65681,-669.508,807.84755562312,679.8372080780634,1487.6847637011833
2175,8,126.089,28.5167,-797.26,-117.503,-2.8205,-668.292,807.6726723740812,678.5492668135822,1486.2219391876633
2175,9,125.976,28.6279,-797.961,-117.969,-2.85047,-666.288,808.350955189273,676.6568621422684,1485.0078173315414
2176,0,126.106,28.3018,-798.342,-117.843,-2.37305,-664.606,808.7358432042196,674.9768434926509,1483.7126866968706
2176,1,125.778,28.5321,-796.648,-117.678,-2.44086,-663.694,807.0205833300722,674.0502912376343,1481.0708745677066
2176,2,125.803,28.5673,-798.59,-117.931,-2.25581,-662.884,808.9428122792674,673.2963737432099,1482.2391860224773
2176,3,126.089,28.4296,-798.869,-117.493,-2.15766,-663.491,809.2579052676348,673.8171618671312,1483.075067134766
2176,4,126.125,28.8937,-799.156,-118.037,-1.87629,-661.606,809.5632611851219,672.0556175415575,1481.6188787266792
2176,5,126.194,28.6111,-798.759,-117.785,-1.90568,-661.181,809.1720835274842,671.5930706925604,1480.7651542200447
2176,6,126.273,28.7042,-798.993,-117.805,-1.6426,-660.311,809.4186899717847,670.7393926710731,1480.1580826428578
2176,7,126.212,28.7913,-798.887,-117.543,-1.46816,-661.322,809.3076341346904,671.6883950365568,1480.9960291712473
2176,8,126.203,28.9375,-799.59,-117.64,-1.04013,-659.924,810.0053976457502,670.3282309782402,1480.3336286239905
2176,9,126.341,28.7488,-798.671,-117.795,-0.641659,-660.976,809.1130378528331,671.3906063740185,1480.5036442268515
2177,0,126.566,28.7909,-800.992,-117.883,-0.865219,-661.019,811.440726327444,671.4486344121328,1482.889360739577
2177,1,126.523,28.7994,-800.442,-117.553,-0.495343,-660.715,810.8914047721557,671.0910999251054,1481.982504697261
2177,2,126.859,28.799,-801.624,-117.912,-0.437009,-661.1,812.1105994001064,671.5330525900167,1483.643651990123
2177,3,127.18,28.6617,-800.639,-117.699,-0.0280836,-661.302,811.1837361337381,671.694417569246,1482.878153702984
2177,4,127.077,28.3676,-800.346,-117.728,0.165982,-661.182,810.8680560823444,671.581377539628,1482.4494336219723
2177,5,127.542,28.263,-798.452,-117.534,0.185441,-662.579,809.0682018451844,672.922883238016,1481.9910850832002
2177,6,127.604,28.4611,-798.638,-117.641,0.321131,-662.783,809.268478363769,673.1424909297579,1482.4109692935267
2177,7,127.95,27.9355,-798.552,-117.389,0.40851,-662.497,809.219927686071,672.8169284511353,1482.036856137206
2177,8,127.994,27.6577,-798.246,-117.69,0.555848,-663.025,808.915378096677,673.3894829086648,1482.304861005342
2177,9,128.2,27.4927,-798.781,-117.671,0.370247,-662.257,809.4703048996238,672.6298650616407,1482.1001699612643
2178,0,128.434,26.9926,-797.127,-117.39,0.274234,-662.418,807.8584943786627,672.7392466835028,1480.5977410621654
2178,1,128.598,26.4489,-797.335,-117.487,0.262788,-661.181,808.0718360023508,671.5382185605916,1479.6100545629424
2178,2,128.409,26.4547,-797.1,-117.575,0.126846,-661.421,807.8100843843744,671.7898748536687,1479.599959238043
2178,3,128.796,26.1185,-795.477,-117.585,-0.233283,-661.483,806.2594143247259,671.8526966046635,1478.1121109293895
2178,4,128.919,25.7991,-794.549,-117.381,-0.758139,-661.627,805.3532240717796,671.9591959819758,1477.3124200537554
2178,5,128.997,25.4881,-793.589,-117.487,-0.758456,-660.514,804.4087084135839,670.8818931976805,1475.2906016112643
2178,6,129.075,25.2452,-792.902,-117.507,-1.4975,-660.493,803.7358131575575,670.8659632178772,1474.6017763754346
2178,7,129.153,24.668,-792.68,-117.507,-1.94468,-660.797,803.5114125094926,671.1664115838205,1474.6778240933131
2178,8,129.231,24.7344,-792.229,-117.304,-1.92676,-660.98,803.0810857848415,671.3110316538063,1474.3921174386478
2178,9,129.239,24.4771,-791.739,-117.682,-2.18835,-661.142,802.5911111309482,671.5374793440218,1474.12859047497
2179,0,129.447,24.0284,-791.54,-117.944,-2.63676,-661.019,802.4147689415742,671.4639662709367,1473.878735212511
2179,1,129.199,23.6998,-790.366,-117.906,-2.49202,-661.001,801.2068871877226,671.4390195696706,1472.6459067573933
2179,2,129.438,23.3894,-790.074,-118.033,-2.87031,-661.709,800.94830379517,672.1598235907112,1473.1081273858813
2179,3,129.681,23.2838,-790.199,-118.12,-3.06396,-660.962,801.1078308844822,671.4406062302768,1472.548437114759
2179,4,129.363,22.7941,-789.063,-118.062,-3.42432,-661.547,799.9217303791728,672.0080319612723,1471.929762340445
2179,5,129.318,22.3185,-789.344,-118.527,-3.60879,-660.516,800.1782369586479,671.0760458772643,1471.2542828359121
2179,6,129.387,22.1266,-789.545,-118.664,-3.76581,-659.927,800.38233939884,670.5214176668454,1470.9037570656856
2179,7,129.604,21.9712,-789.42,-118.674,-4.05596,-660.716,800.2898642650923,671.3014239099465,1471.5912881750387
2179,8,129.424,21.6775,-788.391,-118.81,-4.77488,-660.838,799.237670948542,671.4502794868838,1470.6879504354258
2179,9,129.604,21.2281,-788.405,-118.829,-4.80653,-659.848,799.2685863153949,670.4795426227715,1469.7481289381665
2180,0,129.699,20.7629,-788.71,-118.829,-4.99973,-659.987,799.5726312958756,670.6177515620004,1470.190382857876
2180,1,129.502,20.4344,-788.603,-118.829,-5.30075,-659.886,799.4266847662517,670.5206649966595,1469.9473497629112
2180,2,129.545,20.2604,-788.298,-119.033,-5.67951,-659.582,799.1283549200091,670.2607900264196,1469.3891449464286
2180,3,129.692,19.6235,-788.979,-119.334,-6.20459,-659.544,799.8080763891111,670.281573988923,1470.089650378034
2180,4,129.918,19.2673,-788.495,-119.238,-6.4765,-659.26,799.3586683074689,669.98760682288,1469.3462751303489
2180,5,130.152,18.8194,-790.004,-119.422,-6.57419,-657.944,800.8745425697836,668.7265070222326,1469.6010495920161
2180,6,130.041,18.285,-789.35,-119.248,-6.6514,-658.61,800.1989911303313,669.3515210455266,1469.5505121758579
2180,7,129.886,17.9471,-789.809,-119.354,-7.06871,-658.874,800.6189654732206,669.634446435564,1470.2534119087845
2180,8,130.213,17.7731,-791.758,-119.305,-7.80792,-658.329,802.590829138117,669.0976900877229,1471.6885192258399
2180,9,130.396,17.5491,-790.705,-119.364,-7.83851,-657.822,801.576873887845,668.6097444840451,1470.18661837189
2181,0,130.76,17.3166,-790.535,-119.645,-8.37114,-658.044,801.4634292720785,668.8848241258727,1470.3482533979513
2181,1,130.666,16.8763,-790.679,-119.413,-8.65424,-658.934,801.5807470858379,669.7226118289404,1471.3033589147783
2181,2,130.856,16.41,-791.273,-119.509,-8.61526,-659.058,802.1879713415055,669.8612327563579,1472.0492040978634
2181,3,131.159,16.0817,-791.782,-119.733,-9.28466,-658.208,802.7328571074502,669.0739626261925,1471.8068197336427
2181,4,130.918,16.0459,-792.125,-119.355,-9.18029,-659.218,803.031138409844,669.9987054267225,1473.0298438365664
2181,5,130.952,15.7706,-793.889,-119.771,-9.42216,-659.241,804.771323078401,670.098922265262,1474.870245343663
2181,6,131.168,15.5969,-794.691,-119.772,-9.86863,-659.786,805.5942483624185,670.641698403907,1476.2359467663255
2181,7,131.402,15.1663,-794.91,-119.899,-10.0634,-659.869,805.8401890943948,670.7489391579834,1476.589128252378
2181,8,131.429,15.1127,-795.072,-119.783,-10.4228,-659.728,806.0033876642765,670.5949864358068,1476.5983741000832
2181,9,131.636,14.355,-795.093,-119.695,-10.6764,-660.698,806.0440317811427,671.5375832713758,1477.5816150525184
2182,0,131.94,14.5319,-796.674,-119.956,-10.8417,-660.277,807.6563638043162,671.1726313877004,1478.8289951920167
2182,1,131.701,14.1557,-797.027,-119.793,-11.0651,-661.752,807.9588949770217,672.5983264854366,1480.5572214624583
2182,2,131.802,14.0336,-796.9,-120.103,-11.0943,-661.553,807.8479554550844,672.4583153701722,1480.3062708252564
2182,3,132.027,13.9551,-796.882,-119.474,-11.8416,-661.633,807.8655800744391,672.4377196852955,1480.3032997597347
2182,4,131.917,13.6708,-798.035,-119.985,-11.541,-663.209,808.9801276215875,674.0740112087099,1483.0541388302972
2182,5,132.174,13.2912,-797.176,-119.871,-11.8232,-662.306,808.1684213389187,673.1701733850365,1481.3385947239553
2182,6,131.866,13.1088,-797.909,-119.774,-11.9399,-662.706,808.8382130404325,673.5485244019246,1482.3867374423571
2182,7,132.028,12.609,-798.885,-119.56,-11.9491,-663.496,809.8195001912463,674.2880071651949,1484.1075073564411
2182,8,132.056,12.684,-798.71,-119.463,-12.2886,-664.308,809.6526014853531,675.0759490034881,1484.7285504888412
2182,9,132.264,12.4263,-797.807,-119.521,-12.5428,-664.976,808.7918074984996,675.7482311104039,1484.5400386089036
2183,0,131.877,12.1829,-798.273,-119.464,-12.7758,-664.917,809.1846196699552,675.6844568662506,1484.8690765362057
2183,1,131.822,12.0875,-798.776,-119.657,-12.6701,-665.745,809.6704548865853,676.5313992033259,1486.2018540899112
2183,2,132.374,12.0094,-799.698,-119.416,-12.9225,-667.141,810.6688551858643,677.8674545538014,1488.5363097396657
2183,3,132.24,11.519,-799.091,-119.106,-12.8937,-667.752,810.041067626821,678.4137529853665,1488.4548206121876
2183,4,131.937,11.2497,-797.991,-119.066,-12.9518,-667.673,808.9026911811395,678.3300792447877,1487.2327704259274
2183,5,132.038,11.0852,-799.151,-119.067,-12.8946,-668.359,810.0612544147757,679.0043991603884,1489.065653575164
2183,6,132.057,10.9288,-798.747,-119.135,-12.8847,-669.736,809.6636708704671,680.3715701108403,1490.0352409813072
2183,7,132.264,10.7041,-799.102,-118.874,-12.8852,-671.194,810.0446591743013,681.7612792547257,1491.8059384290268
2183,8,132.015,10.4704,-798.437,-118.835,-12.7499,-672.512,809.3449403500092,683.0495643209283,1492.3945046709375
2183,9,131.634,9.96244,-799.209,-118.767,-12.3239,-673.102,810.0381385143255,683.610840467155,1493.6489789814805
2184,0,131.865,9.82934,-799.177,-118.826,-12.4674,-675.001,810.0425121429341,685.4935479928021,1495.536060135736
2184,1,132.04,9.47668,-799.157,-118.768,-12.3628,-676.118,810.0470848739735,686.5815512900416,1496.628636164015
2184,2,131.851,9.02024,-799.013,-118.759,-11.8683,-676.385,809.8690172488745,686.8342047764438,1496.7032220253182
2184,3,131.825,8.82777,-799.571,-118.894,-11.8664,-677.961,810.4131934940182,688.4095526690198,1498.8227461630381
2184,4,131.893,8.87768,-798.352,-118.846,-11.8086,-679.178,809.2221527832653,689.5988474714557,1498.821000254721
2184,5,131.766,8.40662,-799.045,-118.973,-11.6633,-680.736,809.880152887342,691.1527392638258,1501.0328921511677
2184,6,131.54,8.0681,-798.726,-118.925,-11.4404,-682.074,809.5252243837804,692.4586484788532,1501.9838728626337
2184,7,131.582,8.10065,-798.381,-118.78,-10.7997,-682.523,809.1919824216145,692.8657643794287,1502.0577468010433
2184,8,131.729,7.83377,-798.202,-118.557,-10.7095,-684.261,809.0366680178427,694.5383875353831,1503.5750555532259
2184,9,131.335,8.07296,-797.752,-118.257,-10.2353,-684.793,808.5309569906161,695.0042678027884,1503.5352247934045
2185,0,131.142,7.90325,-799.131,-118.217,-9.75869,-685.684,809.8586547574598,695.8685500692757,1505.7272048267355
2185,1,131.124,7.8062,-798.745,-118.149,-9.49445,-687.22,809.4739125873298,697.366947296617,1506.840859883947
2185,2,131.056,7.93458,-798.382,-117.869,-8.9208,-687.004,809.1059575975055,697.0991162307122,1506.2050738282178
2185,3,130.84,8.02086,-798.775,-118.1,-8.6383,-688.636,809.4596595384724,698.7429933265091,1508.2026528649815
2185,4,130.606,8.099,-798.113,-117.869,-8.33695,-688.886,808.7693625539979,698.9467267913217,1507.7160893453197
2185,5,130.511,8.17589,-797.73,-117.627,-7.95872,-689.028,808.3768423194049,699.0415131714557,1507.4183554908604
2185,6,130.432,8.18484,-797.116,-117.529,-7.50162,-690.038,807.7582656251966,700.0155581039784,1507.773823729175
2185,7,130.63,8.52844,-797.184,-117.587,-6.8986,-690.889,807.8609168940118,700.8579767484707,1508.7188936424825
2185,8,130.451,8.91679,-796.771,-117.8,-6.68374,-690.569,807.4286339893478,700.5762314990336,1508.0048654883813
2185,9,130.561,9.30539,-796.287,-117.424,-6.52765,-690.93,806.9732036276373,700.8675130796993,1507.8407167073365
2186,0,130.579,9.4877,-796.228,-117.703,-5.96508,-690.852,806.9200206193237,700.8324081350736,1507.7524287543974
2186,1,130.509,9.50652,-796.802,-117.618,-5.75024,-691.115,807.4753248288832,701.0756039180493,1508.5509287469326
2186,2,130.569,9.91788,-795.154,-117.326,-5.32224,-690.873,805.8638295771157,700.784716331355,1506.6485459084706
2186,3,130.854,10.0411,-795.932,-117.625,-4.99195,-690.407,806.6792061465388,700.373033346375,1507.052239492914
2186,4,130.959,10.599,-795.775,-117.743,-4.74873,-689.638,806.5484790804579,699.6331435328182,1506.181622613276
2186,5,131.175,10.4665,-795.16,-117.617,-4.51443,-689.957,805.9750950539662,699.9248535494542,1505.8999486034204
2186,6,131.202,10.8512,-793.647,-117.53,-4.21377,-689.455,804.4919352948418,699.4135070061294,1503.9054423009711
2186,7,131.408,11.2483,-793.457,-117.723,-3.90192,-689.373,804.3435817894551,699.3633267749221,1503.7069085643773
2186,8,131.641,11.5,-793.456,-117.685,-3.59036,-689.796,804.3842532129778,699.7722283185649,1504.1564815315428
2186,9,131.875,11.9385,-793.024,-117.743,-3.48259,-689.576,804.0028656561182,699.5645804771052,1503.5674461332233
2187,0,131.903,11.8571,-793.109,-117.956,-2.99797,-688.969,804.0900932796088,698.9999204013695,1503.0900136809782
2187,1,132.04,12.1136,-792.413,-118.121,-2.72582,-688.46,803.4299368793523,698.5249976455191,1501.9549345248715
2187,2,132.126,12.5616,-790.734,-117.667,-2.69498,-688.681,801.7950688464978,698.6660901798516,1500.4611590263494
2187,3,132.342,12.6167,-790.81,-117.936,-2.49019,-689.006,801.9065046393439,699.0310216136592,1500.937526253003
2187,4,132.369,13.0965,-791.279,-118.189,-2.86867,-687.495,802.3811602438394,697.5860119107671,1499.9671721546065
2187,5,132.369,13.0916,-790.331,-118.557,-2.18301,-687.124,801.4462126135228,697.2803734206636,1498.7265860341863
2187,6,132.025,13.1505,-789.768,-118.54,-2.07139,-687.808,800.8352078294573,697.951192505989,1498.7864003354462
2187,7,131.981,13.8469,-788.703,-118.935,-1.86803,-686.782,799.7894367954668,697.0068430690484,1496.7962798645153
2187,8,131.98,13.9374,-790.58,-119.063,-2.04155,-686.333,801.6418825877051,696.5867876900928,1498.2286702777978
2187,9,131.842,14.4177,-789.987,-119.005,-1.73296,-686.008,801.0428472973776,696.2558216915401,1497.2986689889176
2188,0,132.031,14.3443,-790.305,-118.792,-1.47852,-685.684,801.3862595081662,695.8996142701836,1497.28587377835
2188,1,131.578,14.9434,-789.643,-119.236,-1.51624,-685.079,800.6698088079505,695.3795790219451,1496.0493878298957
2188,2,131.376,15.5065,-789.689,-119.644,-1.45831,-684.572,800.6927136169343,694.9500964731612,1495.6428100900955
2188,3,131.014,15.9815,-790.284,-119.491,-1.44726,-684.228,801.2296032937437,694.5848757542217,1495.8144790479655
2188,4,130.9,16.516,-790.219,-119.799,-1.10883,-683.056,801.1576974709785,693.482897439417,1494.6405949103955
2188,5,130.479,16.6494,-790.631,-120.255,-0.921993,-683.028,801.4981909663676,693.5339673585513,1495.0321583249188
2188,6,130.561,17.4815,-789.681,-120.112,-0.766096,-683.896,800.5921928948909,694.3638947000925,1494.9560875949833
2188,7,130.304,17.5918,-790.265,-120.149,-0.608936,-682.752,801.1288124067439,693.2434251459238,1494.3722375526677
2188,8,129.787,18.1393,-789.644,-120.363,-1.06377,-682.846,800.444467973569,693.3736677229767,1493.8181356965456
2188,9,130.066,18.7615,-790.122,-120.055,-0.728742,-681.477,800.9756133130708,691.9715569435658,1492.9471702566366
2189,0,129.836,19.0393,-789.195,-120.071,-0.735389,-682.396,800.0303930885939,692.8794171094861,1492.9098101980799
2189,1,129.869,19.2036,-788.916,-120.149,-0.271151,-682.283,799.764459369107,692.7813131233152,1492.5457724924222
2189,2,129.672,19.7698,-789.183,-120.295,-0.336036,-682.241,800.0096749821467,692.7653152592105,1492.7749902413573
2189,3,129.575,19.9809,-788.502,-120.586,-0.491327,-682.099,799.3274178919486,692.6761657507936,1492.0035836427423
2189,4,129.359,19.9299,-787.258,-120.355,0.0302477,-680.95,798.0639763571653,691.5043235149897,1489.568299872155
2189,5,129.194,20.5377,-786.529,-120.789,0.111514,-681.346,797.333527827778,691.9699174620037,1489.3034452897816
2189,6,129.381,20.7564,-785.592,-120.656,0.179118,-681.289,796.4452660201829,691.8906011359439,1488.3358671561268
2189,7,129.203,20.912,-784.328,-120.693,0.460258,-681.268,795.1736530701957,691.8765062570246,1487.0501593272202
2189,8,129.244,20.9981,-783.457,-120.907,0.906378,-681.409,794.3234873706115,692.0531406265554,1486.376627997167
2189,9,128.91,21.1441,-783.215,-120.937,1.16953,-681.289,794.0343804205269,691.9406241076042,1485.9750045281312
2190,0,129.137,21.0946,-781.905,-121.005,1.26777,-681.55,792.777885629487,692.2096646000927,1484.9875502295795
2190,1,129.037,20.9484,-781.155,-121.015,1.34545,-681.168,792.0180028613995,691.8354462476626,1483.8534491090622
2190,2,128.743,21.134,-780.504,-120.948,1.35508,-681.528,791.3329893420342,692.1782066273154,1483.5111959693495
2190,3,128.912,21.299,-780.281,-121.277,1.55803,-681.309,791.1449867792882,692.0205861587363,1483.1655729380245
2190,4,128.871,21.1802,-778.686,-121.192,1.58792,-682.254,789.5620444962132,692.936175177719,1482.498219673932
2190,5,128.862,21.0931,-778.326,-121.239,1.58738,-681.555,789.2032033561509,692.2561902368691,1481.45939359302
2190,6,129.274,21.0155,-776.441,-121.385,1.99378,-682.557,787.4097058058467,693.2693211391143,1480.679026944961
2190,7,128.917,21.075,-775.042,-121.338,2.0546,-683.007,785.9731867423977,693.7043272707472,1479.677514013145
2190,8,129.135,20.9466,-773.594,-121.328,2.0546,-683.05,784.5777750564695,693.7449152715715,1478.322690328041
2190,9,129.171,20.7908,-773.132,-121.193,2.39212,-682.767,784.1240297488911,693.4437553083122,1477.5677850572033
2191,0,129.378,20.6343,-771.515,-121.376,2.24017,-683.712,782.5597973608726,694.405681631155,1476.9654789920276
2191,1,129.542,20.4112,-770.725,-121.339,2.54872,-684.142,781.8022591899054,694.823664722668,1476.6259239125734
2191,2,129.629,20.1087,-769.787,-121.464,2.53061,-684.465,780.8841545489894,695.1634653144339,1476.0476198634233
2191,3,129.637,19.7285,-768.237,-121.282,2.72183,-684.085,779.3478386768323,694.7582450806532,1474.1060837574855
2191,4,129.638,19.1352,-767.327,-121.184,2.48162,-685.431,778.4361835449583,696.0656406222221,1474.5018241671805
2191,5,129.706,18.9231,-765.651,-121.715,2.64492,-685.642,776.7903088675926,696.3666340303838,1473.1569428979765
2191,6,129.51,18.5617,-764.579,-121.729,2.53821,-686.487,775.6922225005803,697.2006835338044,1472.8929060343849
2191,7,129.551,18.0357,-763.888,-121.921,2.45012,-686.615,775.005564250664,697.3599440418229,1472.365508292487
2191,8,129.009,17.833,-761.942,-122.155,2.30502,-687.46,772.992205222019,698.232345814916,1471.224551036935
2191,9,128.936,17.2671,-761.834,-122.253,2.41972,-686.883,772.8607173316611,697.6818090955779,1470.542526427239
2192,0,128.73,17.056,-760.277,-122.195,2.16915,-687.2,771.2868706032796,697.9829247458154,1469.269795349095
2192,1,128.702,16.8309,-758.773,-122.321,2.06052,-688.39,769.79474506378,699.1762759731414,1468.9710210369215
2192,2,128.702,16.5982,-759.172,-122.408,2.18618,-688.701,770.1829851608253,699.4980809466116,1469.681066107437
2192,3,128.359,16.6388,-758.388,-122.689,2.40855,-688.864,769.3537814883606,699.7085124036312,1469.0622938919919
2192,4,128.382,16.0312,-758.128,-122.595,1.82985,-690.012,769.0884225376429,700.8205494418828,1469.9089719795256
2192,5,128.186,15.6737,-757.105,-122.777,2.21282,-689.617,768.0399055340093,700.4646279365949,1468.5045334706042
2192,6,128.158,15.3633,-755.821,-122.469,2.08091,-690.238,766.7632542003366,701.0217420247593,1467.784996225096
2192,7,128.021,15.6007,-756.241,-122.757,1.84653,-690.625,767.1591805893285,701.4524797497268,1468.611660339055
2192,8,127.934,15.431,-755.457,-122.875,1.68189,-690.81,766.368385938512,701.6548656419137,1468.0232515804257
2192,9,128.062,15.1982,-755.053,-122.953,1.59286,-690.266,765.9868758250627,701.1327464667297,1467.1196222917924
2193,0,128.08,15.2387,-754.441,-123.301,1.65272,-691.732,765.3874357857529,702.6371950789386,1468.0246308646915
2193,1,127.738,15.248,-754.793,-122.878,1.46006,-691.684,765.6774588539224,702.5154023330759,1468.1928611869985
2193,2,127.829,15.0426,-754.42,-123.28,1.63311,-691.078,765.32089312638,701.9896206727504,1467.3105137991306
2193,3,127.642,15.0826,-752.643,-123.487,1.05368,-691.415,763.5387681288751,702.3566413408093,1465.8954094696844
2193,4,127.683,15.0921,-752.125,-123.237,1.2327,-692.183,763.0352125533985,703.0691169488886,1466.104329502287
2193,5,127.486,15.0236,-752.942,-123.466,0.935558,-692.15,763.8062870368115,703.0763478632824,1466.8826349000938
2193,6,127.39,14.8772,-751.626,-123.777,0.614324,-692.41,762.4901225955914,703.3866157547902,1465.8767383503816
2193,7,128.067,14.5846,-751.719,-123.885,0.709755,-692.173,762.6895318589079,703.1724247339055,1465.8619565928134
2193,8,127.817,14.6845,-752.186,-124.097,0.323482,-692.551,763.1098208156216,703.5815927457202,1466.6914135613417
2193,9,127.771,14.7021,-751.237,-123.993,0.0606554,-692.192,762.1670488511097,703.2098069510106,1465.3768558021202
2194,0,127.634,14.4294,-750.242,-124.041,-0.511916,-693.255,761.158133441639,704.2648129531896,1465.4229463948286
2194,1,127.34,14.3917,-749.985,-124.388,-0.795223,-693.145,760.8548461131663,704.2180045615276,1465.0728506746939
2194,2,127.371,14.3912,-749.964,-124.506,-1.30036,-693.524,760.839325728133,704.6126407808262,1465.4519665089592
2194,3,127.45,14.5968,-749.103,-125.192,-1.23598,-693.589,760.0078115909336,704.7980316598228,1464.8058432507564
2194,4,126.91,14.0771,-748.559,-125.159,-1.68907,-692.743,759.3713777364867,703.960575804828,1463.3319535413148
2194,5,127.042,14.0697,-748.643,-125.273,-1.89654,-695.011,759.4761139569105,706.2132903832747,1465.6894043401853
2194,6,126.727,14.0106,-747.516,-125.833,-1.91477,-693.824,758.3114134030689,705.1449164598387,1463.4563298629075
2194,7,126.612,14.0699,-747.073,-125.848,-2.79479,-694.294,757.8566011845578,705.6129876859865,1463.4695888705442
2194,8,126.397,14.0792,-746.891,-126.377,-2.99701,-695.105,757.6414662375865,706.5062556148672,1464.1477218524537
2194,9,126.026,13.5994,-746.727,-126.526,-3.34534,-696.196,757.4092083447098,707.6078648458591,1465.017073190569
2195,0,125.91,14.1487,-745.418,-126.537,-3.59922,-695.924,756.1094553936553,707.3434671569452,1463.4529225506003
2195,1,125.833,14.0966,-744.959,-127.077,-3.76473,-696.985,755.6431497086174,708.4848815225156,1464.128031231133
2195,2,125.276,14.077,-744.772,-127.226,-3.92089,-696.875,755.3658518155293,708.4042589365143,1463.7701107520436
2195,3,125.27,13.8031,-743.75,-127.169,-4.48241,-698.381,754.3521465268127,709.8789106047651,1464.231057131578
2195,4,125.074,13.8346,-743.469,-127.766,-4.56361,-698.897,754.043139080358,710.4941899137756,1464.5373289941335
2195,5,124.977,13.6373,-742.595,-127.656,-4.63131,-699.785,753.1617093993095,711.3484023973879,1464.5101117966974
2195,6,124.694,13.4724,-742.621,-127.962,-4.97989,-700.336,753.1374700801707,711.9477408099643,1465.085210890135
2195,7,124.313,13.2489,-742.637,-128.216,-4.89748,-701.666,753.0862959111724,713.3011310255652,1466.3874269367375
2195,8,124.403,13.2883,-741.492,-128.382,-5.01281,-702.563,751.972786335975,714.2141381666258,1466.186924502601
2195,9,124.147,12.9557,-740.905,-128.672,-5.30384,-703.373,751.3458237033662,715.0651658637454,1466.4109895671118
2196,0,123.974,12.9085,-739.984,-128.714,-5.61536,-703.902,750.4082237717348,715.5954525204374,1466.0036762921723
2196,1,123.819,12.3611,-739.437,-128.714,-5.58866,-704.388,749.8339939768069,716.0733073230671,1465.907301299874
2196,2,123.868,12.4906,-739.093,-129.119,-5.57834,-705.72,749.505009430464,717.4563069889034,1466.9613164193674
2196,3,123.603,11.9035,-737.763,-129.113,-5.78181,-706.194,748.140119957652,717.9230890087573,1466.0632089664093
2196,4,123.84,11.75,-737.588,-129.304,-5.94797,-707.644,748.0043220757484,719.3851079214254,1467.389429997174
2196,5,123.604,11.3306,-736.727,-129.403,-6.10419,-707.998,747.1097669294386,719.7524335134659,1466.8622004429044
2196,6,123.498,10.7271,-737.183,-129.683,-6.39612,-708.582,747.5330107543145,720.3797898081639,1467.9128005624784
2196,7,123.419,10.5839,-736.257,-129.792,-6.70731,-709.513,746.6047405081285,721.3179939807659,1467.9227344888945
2196,8,123.685,10.0279,-734.975,-130.207,-6.27558,-709.924,745.3769439876779,721.793136244268,1467.170080231946
2196,9,123.38,9.67865,-733.958,-130.201,-6.60904,-710.107,744.3189144646416,721.9750212159155,1466.293935680557
2197,0,123.401,9.29856,-734.128,-130.123,-6.87381,-711.675,744.4851848110033,723.5057359951724,1467.9909208061756
2197,1,123.754,8.63654,-734.167,-130.585,-7.04037,-711.348,744.5742583706286,723.2689583680035,1467.8432167386322
2197,2,123.527,8.55215,-732.591,-130.792,-7.06058,-711.685,742.9815827324541,723.6379884161253,1466.6195711485793
2197,3,123.558,8.27889,-731.945,-130.88,-7.19612,-712.451,742.346686130296,724.4085766637875,1466.7552627940836
2197,4,123.567,7.62606,-732.027,-130.621,-7.08213,-713.825,742.4220423782713,725.7121556315127,1468.134198009784
2197,5,123.773,7.20052,-731.047,-130.715,-7.12799,-714.721,741.4858860600589,726.6108499791619,1468.0967360392208
2197,6,123.663,7.15263,-730.762,-131.14,-7.13952,-714.688,741.1860753744074,726.6550830275877,1467.841158401995
2197,7,123.85,6.46911,-730.029,-131.0,-7.68116,-715.229,740.4883609653781,727.1674653475261,1467.655826312904
2197,8,124.084,6.03314,-730.502,-130.969,-7.35711,-716.721,740.9901550211443,728.6261029290346,1469.6162579501788
2197,9,124.182,5.85021,-729.291,-130.901,-7.42961,-717.077,739.8112980767759,728.9648104228023,1468.7761084995782
2198,0,124.192,5.69388,-728.826,-131.296,-7.45112,-716.675,739.353373840584,728.640662075796,1467.99403591638
2198,1,124.053,5.53905,-728.071,-131.155,-7.3844,-716.754,738.5845983534334,728.6922943906845,1467.276892744118
2198,2,124.172,5.11026,-727.687,-131.125,-7.50974,-717.478,738.2229814292343,729.4003306167797,1467.623312046014
2198,3,124.603,5.05448,-726.646,-131.193,-7.93529,-718.428,737.2691941842344,730.3515340302806,1467.620728214515
2198,4,124.591,5.05388,-726.077,-131.27,-7.65882,-717.433,736.7063654625596,729.3836986886892,1466.0900641512487
2198,5,124.786,4.91653,-726.019,-131.482,-7.81127,-717.822,736.6812787252306,729.8061084610164,1466.487387186247
2198,6,124.746,4.41949,-725.589,-131.513,-7.707,-718.611,736.2475761106858,730.5866384892348,1466.8342145999206
2198,7,124.6,4.55961,-724.671,-131.513,-8.02276,-718.438,735.3189840364195,730.4198749288093,1465.7388589652287
2198,8,124.992,4.51923,-723.978,-131.446,-8.14208,-717.973,734.7023669403773,729.9517608114431,1464.6541277518204
2198,9,125.048,4.30406,-722.895,-131.436,-8.0847,-718.33,733.6434476375316,730.3004678692805,1463.9439155068121
2199,0,124.706,4.27567,-722.758,-131.638,-8.47994,-718.396,733.4500626177279,730.4062467164445,1463.8563093341722
2199,1,124.796,4.13914,-722.759,-131.399,-8.67765,-718.115,733.4655725914745,730.0891397874116,1463.554712378886
2199,2,125.02,4.12029,-721.47,-131.56,-8.69751,-718.212,732.2335270183169,730.2137750167414,1462.4473020350583
2199,3,124.912,4.25681,-721.579,-131.995,-9.10202,-717.952,732.3232765769337,730.0415064207517,1462.3647829976853
2199,4,124.962,4.27498,-721.047,-131.788,-9.2328,-716.784,731.8077296032069,728.8570670548787,1460.6647966580856
2199,5,124.903,4.13802,-720.539,-132.419,-9.51247,-717.175,731.2963374306755,729.3594856252305,1460.655823055906
2199,6,124.824,3.91521,-720.763,-132.388,-9.41831,-715.435,731.5023322002085,727.6417568640876,1459.1440890642962
2199,7,124.953,4.22809,-720.802,-132.435,-10.0058,-715.154,731.564523578097,727.3818728664057,1458.9463964445026
2199,8,124.767,4.20721,-719.944,-132.647,-9.96423,-715.014,730.6872573413225,727.2822922940534,1457.9695496353759
2199,9,124.807,4.19743,-719.684,-132.409,-10.2135,-714.571,730.4378587693856,726.8068332812028,1457.2446920505884
2200,0,124.953,4.33421,-719.519,-132.501,-10.2541,-713.803,730.301053639062,726.0691319542582,1456.3701855933202
2200,1,125.042,4.21669,-719.784,-132.657,-10.4566,-712.992,730.5766824191394,725.30325533294,1455.8799377520795
2200,2,124.708,4.13042,-719.539,-132.745,-10.6896,-712.885,730.2776993407209,725.2175713523218,1455.4952706930426
2200,3,124.935,4.05232,-719.359,-132.957,-10.7889,-712.323,730.1387172335011,724.7054715822214,1454.8441888157226
2200,4,124.973,4.04244,-718.763,-132.786,-11.0002,-711.955,729.5579772842962,724.3155722618699,1453.873549546166
2200,5,125.383,4.11114,-718.54,-132.89,-10.8303,-710.648,729.40902774856,723.0474586097997,1452.4564863583596
2200,6,125.167,4.46163,-718.234,-132.91,-11.2038,-710.313,729.0725360259136,722.727577447713,1451.8001134736264
2200,7,125.129,4.23641,-718.196,-132.911,-11.063,-709.87,729.0272342146678,722.2902053814657,1451.3174395961337
2200,8,125.334,4.26731,-718.338,-133.112,-10.964,-710.648,729.2025121560101,723.0903081524465,1452.2928203084566
2200,9,125.636,4.54973,-718.358,-132.807,-10.6845,-708.812,729.2758879210753,721.2255605101985,1450.5014484312737
2201,0,125.812,4.45051,-717.639,-132.889,-10.7098,-709.07,728.5974201877606,721.494595293021,1450.0920154807816
2201,1,126.31,4.36411,-717.826,-132.573,-10.7878,-708.594,728.867222360899,720.969787018735,1449.8370093796339
2201,2,125.897,4.35336,-717.15,-132.791,-11.0009,-707.525,728.1298846032139,719.9625650732196,1448.0924496764335
2201,3,126.377,4.01231,-715.764,-133.034,-10.8291,-706.811,726.8461656062692,719.303207474991,1446.1493730812604
2201,4,126.521,3.89687,-715.585,-132.998,-10.9327,-705.741,726.6943245008846,718.2467201556092,1444.941044656494
2201,5,126.738,3.81938,-715.012,-132.853,-10.8191,-706.292,726.1675209285969,718.7595994474161,1444.9271203760131
2201,6,126.835,3.94596,-715.646,-132.967,-10.7978,-705.417,726.8093870756773,717.9205801917368,1444.729967267414
2201,7,126.706,3.6234,-714.462,-132.988,-10.865,-704.702,725.6193829464315,717.222953601598,1442.8423365480294
2201,8,126.688,3.37144,-714.711,-132.853,-10.6742,-703.773,725.860199675305,716.2822723505308,1442.1424720258358
2201,9,126.483,3.88849,-713.911,-132.563,-10.5758,-703.362,725.0392993241677,715.823232061268,1440.8625313854357
2202,0,126.864,4.03287,-713.219,-132.993,-10.3624,-703.46,724.4253450131607,715.9961515139311,1440.4214965270917
2202,1,126.921,3.76931,-712.854,-132.46,-10.2643,-702.639,724.0745633254052,715.0892054670452,1439.1637687924504
2202,2,127.059,3.52685,-712.669,-132.3,-10.119,-702.649,723.9154175129319,715.0673404386471,1438.982757951579
2202,3,126.803,3.83942,-711.507,-132.154,-9.76073,-701.687,722.7281321520121,714.0900486179127,1436.8181807699248
2202,4,126.971,3.95501,-711.347,-132.335,-9.77569,-700.412,722.6007413185376,712.8710164426494,1435.471757761187
2202,5,127.069,4.1699,-710.776,-132.098,-9.51589,-700.941,722.0570898502486,713.3433389662317,1435.4004288164804
2202,6,126.94,4.26623,-710.695,-131.653,-9.4073,-700.909,721.955225303767,713.2281794652325,1435.1834047689995
2202,7,127.127,4.13898,-709.839,-131.253,-8.99145,-700.466,721.1447921225255,712.713696611832,1433.8584887343575
2202,8,127.429,4.39258,-710.862,-131.134,-8.5254,-699.418,722.2064994473924,711.6560595717287,1433.8625590191211
2202,9,127.194,4.4997,-710.449,-130.922,-8.25993,-699.406,721.7591998285093,711.6021004491238,1433.361300277633
2203,0,127.429,5.05469,-710.654,-131.093,-7.75718,-698.163,722.0060994534576,710.4063084316977,1432.4124078851553
2203,1,127.331,4.85892,-710.265,-130.654,-7.48066,-698.249,721.6045751584218,710.4069917948694,1432.011566953291
2203,2,127.723,5.09356,-709.492,-130.244,-6.97786,-698.013,720.9147017133674,710.0945980890009,1431.0092998023683
2203,3,127.575,5.33599,-709.965,-130.058,-6.76805,-697.126,721.3557753558782,709.1865408627002,1430.5423162185784
2203,4,127.272,5.36456,-710.614,-129.768,-6.34234,-696.153,721.9412701071976,708.1729721682942,1430.114242275492
2203,5,127.234,5.84182,-709.838,-129.591,-5.67398,-695.461,721.174461459162,707.4546090393648,1428.6290704985267
2203,6,127.508,6.04561,-709.717,-129.772,-5.37702,-695.094,721.1054427427878,707.124708353541,1428.2301510963289
2203,7,127.683,6.33773,-709.432,-129.4,-5.3455,-693.084,720.8584312710457,705.0803964274215,1425.9388276984673
2203,8,127.634,6.78483,-710.677,-129.472,-4.80579,-692.919,722.0791301534264,704.9275388027652,1427.0066689561916
2203,9,127.556,7.04602,-709.714,-129.022,-4.51947,-692.66,721.1200602741824,704.5885165776411,1425.7085768518236
2204,0,126.93,7.14222,-710.696,-128.613,-4.28556,-691.916,721.9771745855463,703.7808045474909,1425.7579791330372
2204,1,127.529,7.28901,-710.57,-129.234,-3.91733,-690.543,721.9601792396726,702.5428151218464,1424.502994361519
2204,2,127.282,7.30792,-711.101,-129.203,-3.93164,-690.488,722.439440659026,702.4831322858149,1424.9225729448408
2204,3,127.44,7.37653,-709.608,-129.048,-3.94202,-689.528,720.9985301363942,701.5110751867575,1422.5096053231516
2204,4,127.264,7.52242,-709.818,-129.229,-3.33667,-688.813,721.1756413126114,700.8385097700389,1422.0141510826502
2204,5,127.509,7.88201,-710.304,-129.126,-3.0405,-688.024,721.7010763319118,700.0427080487661,1421.7437843806779
2204,6,127.479,8.13506,-710.366,-129.037,-2.46811,-687.355,721.7596058232988,699.366524049423,1421.1261298727218
2204,7,127.127,8.43603,-711.935,-128.893,-2.38385,-686.284,723.2453836397166,698.2870590565334,1421.53244269625
2204,8,127.489,8.6788,-711.585,-128.603,-1.9124,-685.99,722.9674812295779,697.9431703102769,1420.9106515398548
2204,9,127.41,8.70753,-711.218,-128.629,-1.4342,-685.969,722.5926741274789,697.9261748434716,1420.5188489709503
2205,0,127.597,9.04865,-711.894,-128.505,-1.03353,-684.848,723.2951954159674,696.8008225549543,1420.0960179709218
2205,1,128.104,8.89276,-711.565,-128.483,-0.374757,-684.953,723.0591021634523,696.8992997132434,1419.9584018766957
2205,2,128.308,9.68113,-711.218,-128.349,-0.213563,-683.173,722.7639384100986,695.1250674081283,1417.889005818227
2205,3,128.668,9.45599,-710.463,-128.059,0.606212,-682.468,722.0820897514908,694.378892246869,1416.4609819983598
2205,4,128.784,9.68093,-711.365,-127.95,0.531083,-682.683,722.9932242328865,694.5700562492979,1417.5632804821844
2205,5,128.724,9.78691,-711.504,-127.939,1.1733,-680.764,723.1207325193685,692.6827470421723,1415.8034795615408
2205,6,129.468,10.0692,-711.643,-127.873,1.07568,-679.896,723.3941603729187,691.8173400779011,1415.2115004508198
2205,7,129.505,10.6517,-712.234,-127.458,1.65096,-678.688,723.9905209972642,690.5546095544664,1414.5451305517306
2205,8,129.632,10.3887,-711.457,-127.395,1.94851,-677.811,723.245078352207,689.6818356584579,1412.9269140106649
2205,9,129.446,10.6818,-711.625,-127.127,2.38384,-677.561,723.3813022135975,689.388036988709,1412.7693392023066
2206,0,129.963,10.7296,-711.236,-127.286,2.11046,-675.858,723.0920780793826,687.7428414759485,1410.834919555331
2206,1,130.04,10.8657,-711.03,-126.847,2.59658,-673.77,722.9053367741104,685.6113451050065,1408.516681879117
2206,2,130.176,11.2258,-711.155,-127.109,3.08307,-673.065,723.058257394686,684.9691215132439,1408.02737890793
2206,3,130.401,11.2743,-712.031,-126.96,3.08077,-671.598,723.9611008904345,683.4999680671484,1407.461068957583
2206,4,130.429,11.4784,-712.008,-126.727,3.27279,-670.677,723.9467313080155,682.5526221562585,1406.499353464274
2206,5,130.771,11.9154,-711.844,-126.763,3.57427,-669.307,723.8542059932787,681.214719324262,1405.0689253175406
2206,6,130.956,11.769,-712.392,-126.841,3.4143,-668.689,724.4241471410242,680.6212422827324,1405.0453894237567
2206,7,130.701,12.285,-712.476,-126.515,3.71996,-666.66,724.4692700190948,678.5686692792422,1403.0379392983368
2206,8,130.458,12.7705,-710.334,-126.194,4.0426,-667.334,722.3273267641547,679.1729792967031,1401.5003060608578
2206,9,130.633,12.9647,-711.031,-126.688,4.21954,-666.365,723.0478179872268,678.3140622800117,1401.3618802672386
2207,0,130.935,13.5285,-711.173,-125.967,4.30821,-665.489,723.2523974839281,677.3196105852865,1400.5720080692145
2207,1,130.974,13.3337,-712.313,-125.571,4.52007,-664.118,724.3768261068889,675.9003069963832,1400.277133103272
2207,2,130.906,13.9079,-711.905,-125.395,4.88892,-662.101,723.9741290567018,673.8883748550396,1397.8625039117414
2207,3,130.624,14.1989,-711.252,-125.307,4.80677,-662.374,723.2866967124517,674.1396481166443,1397.4263448290958
2207,4,130.517,14.364,-711.599,-125.162,4.98726,-661.621,723.6118770349199,673.3741505636428,1396.9860275985627
2207,5,130.438,14.6548,-711.234,-125.007,5.42325,-661.069,723.2445214193053,672.8063498887049,1396.0508713080103
2207,6,130.566,14.6939,-712.739,-124.784,5.68938,-661.423,724.7484206082894,673.1149980722346,1397.8634186805239
2207,7,130.244,14.9669,-713.246,-124.551,6.05796,-660.368,725.194707749312,672.038351513038,1397.23305926235
2207,8,129.922,15.3449,-713.004,-124.318,6.24456,-660.472,724.90681887813,672.0991165279073,1397.0059354060372
2207,9,129.883,15.801,-713.961,-123.749,5.92932,-659.397,725.8509315355324,670.9347028181375,1396.7856343536698
2208,0,129.746,15.9284,-713.964,-123.799,6.28114,-658.94,725.8321649930926,670.4980005344532,1396.330165527546
2208,1,129.728,16.074,-713.943,-123.418,6.54691,-659.316,725.8115008106444,670.7998603238884,1396.6113611345327
2208,2,129.523,16.7058,-713.371,-122.952,6.91494,-659.522,725.2264990495314,670.9204715785647,1396.1469706280961
2208,3,129.494,16.997,-714.005,-122.754,6.76576,-659.263,725.8517300867995,670.6280811249836,1396.4798112117833
2208,4,129.562,17.4345,-714.532,-122.666,6.93603,-658.799,726.3926298209874,670.1575773421956,1396.5502071631831
2208,5,129.64,17.3562,-714.022,-122.521,7.10381,-659.155,725.9030126417991,670.4827914141541,1396.3858040559533
2208,6,129.444,17.2682,-715.079,-122.164,7.25933,-659.082,726.9057133550677,670.3475393346714,1397.2532526897392
2208,7,129.279,17.6676,-714.103,-121.91,7.61661,-658.498,725.9258216510555,669.7310481468603,1395.6568697979158
2208,8,129.873,17.7933,-714.793,-122.012,7.87166,-659.108,726.713582164865,670.3523303749719,1397.065912539837
2208,9,129.96,18.4139,-714.488,-122.034,7.90305,-659.219,726.4446127938523,670.4658420205332,1396.9104548143855
2209,0,130.233,18.0937,-713.712,-121.765,8.17114,-658.939,725.7222851840021,670.1448264926765,1395.8671116766786
2209,1,130.477,18.2393,-713.753,-121.857,8.14546,-659.036,725.8100747457905,670.2566122490784,1396.066686994869
2209,2,130.163,18.5393,-711.637,-121.342,8.2027,-658.498,723.6804073501576,669.6348118603827,1393.3152192105404
2209,3,130.387,18.5104,-712.755,-121.593,8.28092,-658.829,724.8193531509489,670.006777970228,1394.8261311211768
2209,4,130.494,18.7721,-712.388,-122.116,8.22315,-659.596,724.4844638212817,670.8552905567061,1395.339754377988
2209,5,130.503,19.2198,-710.739,-121.787,8.48139,-660.126,722.8764485318636,671.3198516514555,1394.1963001833192
2209,6,130.572,19.1411,-711.228,-121.389,8.32234,-660.053,723.367608396457,671.1739815227312,1394.541589919188
2209,7,130.581,18.8496,-709.763,-121.805,8.29097,-659.75,721.921201482655,670.9510121525572,1392.8722136352121
2209,8,130.853,18.6066,-710.249,-121.812,8.15514,-660.126,722.4419389636513,671.3203449385543,1393.7622839022056
2209,9,130.686,18.6453,-709.78,-121.936,8.20022,-660.052,721.9516093257844,671.2706416997905,1393.222251025575
2210,0,131.135,18.2467,-708.56,-121.958,8.41318,-660.31,720.8235594692295,671.5309609107478,1392.3545203799772
2210,1,131.135,18.8001,-708.681,-121.689,8.1092,-660.075,720.9567197453742,671.2473295817571,1392.2040493271313
2210,2,131.125,18.2761,-708.152,-121.78,8.25708,-660.31,720.4214298313245,671.4967191804635,1391.918149011788
2210,3,131.534,18.4604,-708.355,-122.003,8.42245,-660.214,720.7002050430956,671.4448566107292,1392.1450616538248
2210,4,131.456,18.2961,-707.966,-121.968,8.17417,-660.753,720.2994407655818,671.9654284918154,1392.264869257397
2210,5,131.572,17.925,-707.052,-122.226,8.60332,-660.561,719.4129742456693,671.8288821657063,1391.2418564113755
2210,6,131.592,18.0812,-707.072,-122.134,8.2081,-659.957,719.4401972655128,671.2133257844409,1390.6535230499537
2210,7,131.865,17.7702,-706.805,-122.314,8.13228,-660.008,719.2200402227679,671.2953214778116,1390.5153617005794
2210,8,131.903,17.9256,-706.053,-122.413,7.79661,-660.169,718.4918700676856,671.4676747673651,1389.9595448350506
2210,9,132.04,17.4788,-705.664,-122.222,7.94583,-660.893,718.1237713273666,672.1464951536897,1390.2702664810563
2211,0,132.128,17.6138,-704.769,-122.525,8.17842,-660.163,717.2638271204257,671.4867450275518,1388.7505721479774
2211,1,132.206,17.3713,-705.784,-122.445,7.73942,-660.31,718.2696173135057,671.6114745497848,1389.8810918632905
2211,2,132.01,17.3321,-705.661,-122.558,7.86619,-660.355,718.1117522443216,671.6777994947549,1389.7895517390766
2211,3,131.981,17.0602,-704.91,-122.378,8.09956,-660.215,717.3619329773778,671.5101071325685,1388.8720401099463
2211,4,132.323,17.0209,-704.948,-122.547,7.72916,-660.333,717.4613369860497,671.6525724005719,1389.1139093866216
2211,5,132.235,16.9521,-705.398,-122.311,7.93461,-661.755,717.8856505902664,673.0101178896585,1390.895768479925
2211,6,131.942,17.1459,-705.174,-122.537,7.97598,-661.137,717.6162230097714,672.4440983419813,1390.0603213517527
2211,7,131.63,16.9033,-705.986,-122.848,7.97668,-661.565,718.3511750160154,672.9216208094539,1391.2727958254693
2211,8,131.727,17.0679,-705.112,-122.756,7.57272,-661.653,717.5139359506614,672.9866819136902,1390.5006178643516
2211,9,131.611,17.0975,-706.249,-122.802,7.64378,-662.072,718.6107637854097,673.4078197947276,1392.0185835801374
2212,0,131.523,17.0969,-705.724,-122.88,7.93314,-662.698,718.0786640018,674.0408506272149,1392.119514629015
2212,1,131.445,17.0975,-707.186,-122.89,7.9088,-662.368,719.5013211435056,673.7179444258851,1393.2192655693907
2212,2,131.572,16.8255,-706.414,-122.689,7.69635,-663.28,718.7593672643509,674.5755576096146,1393.3349248739655
2212,3,131.115,17.0585,-706.981,-122.724,7.73164,-662.458,719.2386738824949,673.7741165977583,1393.0127904802532
2212,4,130.774,16.7578,-707.372,-122.803,7.80979,-663.981,719.5538960500735,675.2868560766188,1394.8407521266922
2212,5,131.144,17.1835,-706.413,-123.014,7.55135,-664.669,718.6886307555241,675.9987771023129,1394.6874078578371
2212,6,130.931,16.7769,-706.697,-123.18,7.7781,-665.014,718.919356356198,676.3707795548312,1395.2901359110292
2212,7,131.028,16.9117,-708.324,-123.0,7.75412,-665.059,720.5395418413135,676.3819925589196,1396.9215344002332
2212,8,130.843,16.7378,-707.27,-123.035,7.94473,-665.059,719.465702794678,676.3905701891274,1395.8562729838054
2212,9,130.336,16.7752,-707.798,-122.979,7.77556,-665.48,719.8936650888379,676.792378927477,1396.686044016315
2213,0,130.472,16.7855,-708.468,-123.169,8.01304,-666.804,720.5772705395653,678.1315401801052,1398.7088107196705
2213,1,130.229,16.9895,-708.694,-123.268,7.9882,-667.564,720.7603077218181,678.8965350178479,1399.656842739666
2213,2,129.986,17.4253,-707.573,-123.278,8.24508,-667.515,719.6245907451259,678.8532402907173,1398.4778310358433
2213,3,129.958,17.2126,-709.118,-123.413,8.42167,-666.933,721.1336168053464,678.3076879879726,1399.441304793319
2213,4,129.753,17.3093,-708.367,-123.233,7.97319,-667.822,720.3605066662733,679.1437018273645,1399.5042084936376
2213,5,129.383,17.3956,-708.367,-122.933,7.89907,-667.001,720.2960323904053,678.2811008695915,1398.5771332599968
2213,6,129.13,17.541,-708.528,-123.359,8.10044,-666.985,720.4125001448823,678.3450819709639,1398.7575821158462
2213,7,128.555,17.5602,-708.266,-123.434,8.06521,-667.565,720.0524115681025,678.9285891707199,1398.9810007388223
2213,8,128.273,17.4251,-708.652,-123.233,8.05444,-666.676,720.3785489192541,678.0177986371108,1398.3963475563648
2213,9,128.379,17.4726,-708.144,-122.999,7.98753,-668.057,719.8988707643317,679.3325473473951,1399.2314181117267
2214,0,128.059,17.5496,-708.206,-123.57,7.97683,-667.604,719.9047397935091,678.9906299300816,1398.8953697235906
2214,1,127.329,17.5583,-707.655,-123.666,7.64137,-666.795,719.2333190035692,678.2088484504436,1397.4421674540129
2214,2,127.299,17.5585,-707.858,-123.532,7.7215,-666.543,719.4277479269548,677.9375689805441,1397.365316907499
2214,3,126.9,17.2184,-706.764,-123.645,7.40749,-666.663,718.2725353196794,678.072645445973,1396.3451807656525
2214,4,126.773,17.2368,-706.884,-123.733,7.48942,-665.706,718.3686311770858,677.1487466849042,1395.51737786199
2214,5,126.422,17.5861,-706.068,-123.543,7.0401,-666.807,717.5122393528977,678.1917214962227,1395.7039608491204
2214,6,125.896,17.4989,-706.657,-123.578,7.03153,-666.031,717.997304985339,677.4350577429108,1395.4323627282497
2214,7,125.692,17.4114,-706.192,-123.923,6.70826,-665.036,717.5017606793449,676.5166605318952,1394.0184212112401
2214,8,125.264,17.3339,-706.537,-123.91,6.18373,-665.042,717.7646314455804,676.5151797119654,1394.2798111575457
2214,9,125.138,17.5272,-705.744,-123.965,5.57312,-664.645,716.9667463138301,676.1296894209974,1393.0964357348275
2215,0,124.991,17.4202,-705.194,-124.311,5.21838,-663.6,716.397090366118,675.163251525751,1391.560341891869
2215,1,124.836,17.3334,-703.995,-124.297,4.83898,-664.281,715.1876912227726,675.8272019513867,1391.0148931741592
2215,2,124.612,17.5268,-704.968,-124.755,4.58439,-663.719,716.1111787189471,675.3574887551571,1391.4686674741042
2215,3,124.175,17.8273,-705.134,-125.031,4.15,-662.629,716.2061164261934,674.3346091533491,1390.5407255795426
2215,4,124.048,17.5272,-705.417,-125.13,4.15276,-663.03,716.455339105544,674.7470216426432,1391.2023607481872
2215,5,123.834,17.817,-705.46,-125.409,3.35836,-662.422,716.4678057282127,674.1970052936231,1390.6648110218357
2215,6,123.804,17.6632,-705.03,-125.05,3.09526,-661.892,716.0354180836588,673.6082710288433,1389.6436891125022
2215,7,124.008,17.294,-704.824,-125.32,2.73991,-661.405,715.8588809786464,673.1784187953504,1389.037299773997
2215,8,123.426,17.7866,-705.23,-125.641,2.34962,-660.64,716.170156817191,672.4852349272394,1388.6553917444303
2215,9,123.269,18.0014,-704.441,-125.751,2.23002,-660.529,715.371525323702,672.3963465332039,1387.767871856906
2216,0,123.328,17.7499,-704.458,-125.628,1.88381,-660.391,715.3921500114535,672.2367261650587,1387.6288761765122
2216,1,123.133,17.8457,-705.475,-125.673,1.76157,-660.927,716.3624643450339,672.7713618956034,1389.1338262406373
2216,2,122.763,17.7984,-705.761,-125.684,0.946974,-660.318,716.5794626784666,672.1735086566241,1388.7529713350907
2216,3,122.646,17.584,-705.073,-125.549,0.817617,-659.928,715.8765072978719,671.7649775647423,1387.641484862614
2216,4,122.908,17.5546,-705.963,-125.662,0.818079,-660.441,716.7972501441114,672.2900579201289,1389.0873080642405
2216,5,122.608,17.7576,-705.396,-125.282,0.684465,-660.251,716.1924118822818,672.0323139681128,1388.2247258503946
2216,6,122.558,17.4482,-705.862,-125.284,0.461015,-660.486,716.6352392195348,672.2633779902266,1388.8986172097614
2216,7,122.627,17.0596,-706.373,-124.961,0.29526,-661.089,717.1410085960501,672.7956633484401,1389.9366719444902
2216,8,122.365,17.0775,-706.717,-125.242,0.138726,-661.458,717.4355387909425,673.2104155261585,1390.6459543171009
2216,9,122.733,17.1549,-707.184,-125.497,0.519806,-661.364,717.9602285217545,673.1657356871914,1391.1259642089458
2217,0,122.316,16.8252,-707.387,-125.127,0.585239,-662.877,718.0812342486329,674.5835943474219,1392.6648285960548
2217,1,122.112,16.844,-707.835,-124.929,0.383439,-662.008,718.4883075631782,673.6928039770551,1392.1811115402334
2217,2,122.024,16.786,-707.473,-125.309,0.553192,-661.967,718.1153612763063,673.7232076983759,1391.8385689746822
2217,3,121.675,16.5719,-708.261,-125.04,0.58585,-663.248,718.8275715466192,674.9320368186878,1393.759608365307
2217,4,121.557,16.8809,-708.671,-125.053,0.786315,-664.147,719.2187812305864,675.8181032713456,1395.036884501932
2217,5,121.003,16.6588,-707.15,-125.064,1.01869,-665.376,717.6213236285834,677.02825879081,1394.6495824193935
2217,6,120.788,16.6195,-708.483,-124.93,0.985101,-665.556,718.897843934206,677.1803780825167,1396.0782220167225
2217,7,120.836,17.0263,-709.849,-124.708,1.24217,-666.116,720.2616445352967,677.6903081100606,1397.9519526453573
2217,8,120.575,16.8815,-710.438,-124.675,1.55315,-666.624,720.7950246160485,678.1842119040538,1398.9792365201024
2217,9,120.535,16.4443,-708.797,-124.675,1.99821,-667.391,719.160822373195,678.9393163966895,1398.1001387698843
2218,0,120.466,16.5202,-709.685,-124.675,2.26499,-668.62,720.0262310423419,680.1482854530327,1400.1745164953745
2218,1,120.185,16.7436,-708.858,-124.341,2.49759,-669.498,719.1692752961294,680.9511687638169,1400.1204440599463
2218,2,120.485,16.7734,-709.565,-124.287,2.86441,-670.588,719.9169892408153,682.014463891821,1401.9314531326363
2218,3,119.855,17.2472,-708.98,-124.555,3.05353,-670.467,719.2463606670805,681.9452105260809,1401.1915711931615
2218,4,119.824,17.1131,-709.016,-124.264,3.34349,-671.12,719.2734788824137,682.5355485404259,1401.8090274228396
2218,5,119.833,16.8799,-709.465,-124.21,3.65408,-671.93,719.7120709964576,683.3237895029313,1403.035860499389
2218,6,119.833,17.1211,-709.529,-123.943,4.09903,-672.88,719.7808567857372,684.2120750877909,1403.992931873528
2218,7,119.426,16.8891,-708.958,-123.9,4.76798,-671.76,719.1448094360481,683.1071960046098,1402.252005440658
2218,8,119.57,16.7134,-709.723,-123.632,4.73044,-672.812,719.9187866478829,684.0930023254101,1404.011788973293
2218,9,119.396,17.1004,-709.425,-123.656,5.11102,-673.435,719.6052105989505,684.7128070121372,1404.3180176110877
2219,0,119.162,16.6856,-709.22,-123.734,5.5102,-673.642,719.3545717456448,684.9335801550689,1404.2881519007137
2219,1,118.996,16.4122,-709.057,-123.411,5.76655,-674.084,719.1600917555423,685.312167611157,1404.4722593666993
2219,2,119.18,16.8567,-709.177,-123.49,6.26817,-674.152,719.3191489623296,685.3976868644576,1404.7168358267872
2219,3,118.871,16.5875,-708.772,-122.91,6.07672,-674.291,718.8624400963303,685.4284406901704,1404.2908807865006
2219,4,119.093,16.0633,-708.284,-122.879,6.10004,-674.734,718.4061503856227,685.8588993991415,1404.2650497847642
2219,5,118.724,16.2643,-708.504,-122.623,6.24442,-674.383,718.5665130288845,685.4690537136862,1404.0355667425706
2219,6,118.868,16.2358,-708.971,-122.313,6.53502,-674.454,719.0501244465785,685.486232226002,1404.5363566725805
2219,7,119.034,16.497,-708.75,-122.135,6.779,-674.477,718.8656388122887,685.4794939274259,1404.3451327397147
2219,8,118.986,16.1302,-709.276,-122.047,6.81294,-674.477,719.3679835272347,685.4641565315021,1404.832140058737
2219,9,119.316,15.7312,-708.362,-121.568,7.01436,-674.477,718.5127010383602,685.3810643716454,1403.8937654100055
2220,0,119.501,15.6816,-708.361,-121.626,6.71193,-674.895,718.5413752182682,685.799675492286,1404.341050710554
2220,1,119.861,15.7489,-707.956,-121.113,6.85858,-674.545,718.203581937747,685.3658555206966,1403.5694374584436
2220,2,119.706,15.5565,-708.176,-120.959,6.95899,-675.314,718.3904078592991,686.0965717876894,1404.4869796469884
2220,3,120.289,15.4585,-708.074,-121.016,6.90233,-674.613,718.3851322370542,685.4160883612442,1403.8012205982984
2220,4,120.243,15.2451,-707.627,-120.893,6.49178,-674.477,717.9322831939025,685.2565097724854,1403.188792966388
2220,5,120.427,15.0804,-708.274,-120.672,6.62785,-674.896,718.5973419580398,685.6312936233458,1404.2286355813856
2220,6,120.66,14.8569,-708.52,-120.237,6.45995,-674.128,718.8742264663617,684.7972163399926,1403.6714428063542
2220,7,120.758,14.8276,-708.825,-119.905,6.49352,-674.131,719.1906791044779,684.7422726749024,1403.9329517793803
2220,8,120.836,14.8277,-709.716,-119.661,6.37178,-674.712,720.0819399480104,685.2704848783204,1405.3524248263307
2220,9,120.914,14.624,-709.133,-119.161,6.35109,-674.386,719.516273937567,684.8621447132175,1404.3784186507846
2221,0,121.061,14.5943,-709.451,-119.017,6.01714,-674.039,719.8537912065825,684.4923854826872,1404.3461766892697
2221,1,121.285,14.2561,-709.514,-118.739,5.82919,-673.575,719.9468062351621,683.9855336204532,1403.9323398556153
2221,2,120.907,14.0697,-709.799,-118.896,5.80787,-672.531,720.1604540018078,682.9845797168022,1403.14503371861
2221,3,121.05,14.3882,-709.697,-118.795,5.33999,-672.372,720.090240600607,682.806615303484,1402.896855904091
2221,4,121.285,14.0328,-711.518,-118.64,5.33122,-671.675,721.9174710621984,682.0932319937564,1404.0107030559548
2221,5,121.654,13.7693,-710.942,-118.618,4.80717,-672.26,721.4068316161762,682.6615899605081,1404.0684215766842
2221,6,121.636,13.7388,-711.383,-118.885,4.6535,-671.119,721.837823759908,681.5834581680002,1403.4212819279082
2221,7,121.966,13.7395,-711.468,-118.595,4.3082,-670.636,721.977280833857,681.0550485153458,1403.0323293492029
2221,8,121.813,13.1981,-711.89,-118.54,3.71937,-670.73,722.3572308163116,681.1345668905645,1403.4917977068762
2221,9,122.055,13.3891,-712.522,-118.206,3.43288,-669.638,723.0244058866963,679.9996280477618,1403.0240339344582
2222,0,121.755,13.2931,-712.748,-118.285,3.06586,-669.317,723.1947856812922,679.6955106601334,1402.8902963414257
2222,1,122.044,13.1377,-713.902,-118.039,2.67627,-669.295,724.3779418931047,679.6294320930435,1404.0073739861482
2222,2,122.163,13.0505,-714.496,-118.196,2.35469,-668.875,724.981826072385,679.2419337805906,1404.2237598529755
2222,3,122.107,13.4466,-714.56,-118.162,1.7089,-669.227,725.0427050185112,679.5807208214561,1404.6234258399672
2222,4,122.029,13.3042,-715.127,-118.218,1.47791,-668.601,725.5857666104262,678.9734729302523,1404.5592395406784
2222,5,121.814,13.0028,-716.484,-117.895,0.987976,-669.043,726.8817274218964,679.3517078587325,1406.2334352806288
2222,6,121.715,13.0976,-716.249,-117.706,0.577862,-668.716,726.635203077693,678.9964101646569,1405.6316132423499
2222,7,122.114,13.4572,-717.037,-117.551,0.256037,-668.789,727.4853844558253,679.0412577133626,1406.5266421691879
2222,8,121.971,13.3718,-718.156,-117.529,0.0122107,-668.532,728.5628114392334,678.7842816492595,1407.3470930884928
2222,9,122.009,13.4867,-720.005,-117.596,-0.221082,-668.349,730.3939260309398,678.6156893958839,1409.0096154268238
2223,0,121.612,13.3049,-720.397,-117.54,-0.721179,-668.466,730.7108433005562,678.7215665168966,1409.432409817453
2223,1,121.619,13.4778,-720.7,-117.195,-0.663033,-668.627,731.0139001782661,678.8204274819365,1409.8343276602027
2223,2,121.765,13.3726,-721.453,-117.14,-1.24287,-668.79,731.7786365184214,678.972303136024,1410.7509396544456
2223,3,121.582,13.758,-721.844,-117.206,-1.74303,-668.813,732.1408509460458,679.0074473513386,1411.1482982973844
2223,4,121.348,14.1563,-723.867,-116.951,-1.87418,-668.255,734.1043329273366,678.4141758370563,1412.518508764393
2223,5,121.115,14.1397,-724.729,-116.84,-2.61964,-667.468,734.9155718734568,677.6222982884562,1412.537870161913
2223,6,121.356,14.3319,-725.521,-116.761,-3.00738,-668.608,735.740038012483,678.7332562350723,1414.4732942475553
2223,7,121.397,14.2277,-727.046,-116.551,-2.98274,-668.675,737.2486318551498,678.7630573063825,1416.0116891615323
2223,8,121.329,14.6135,-728.392,-116.451,-3.44088,-667.26,738.5723974582654,677.3541043325672,1415.9265017908326
2223,9,121.116,14.8088,-729.27,-116.706,-3.85083,-667.451,739.407275399316,677.5883386900109,1416.9956140893269
2224,0,121.493,14.7617,-730.084,-116.883,-4.23881,-667.241,740.270966533127,677.4143158217253,1417.6852823548522
2224,1,121.487,14.7518,-731.038,-116.639,-4.62871,-667.057,741.2106746507635,677.193563559389,1418.4042382101525
2224,2,121.612,15.09,-732.013,-116.794,-5.08418,-665.919,742.1995815230564,676.102656320231,1418.3022378432875
2224,3,121.36,15.2072,-733.274,-116.76,-5.01627,-665.736,743.404511425536,675.9160319601192,1419.3205433856551
2224,4,121.253,15.2853,-733.304,-117.483,-5.06229,-665.459,743.4182448804239,675.7688678461327,1419.1871127265567
2224,5,121.243,15.3629,-734.414,-117.804,-5.14013,-665.274,744.5131342974481,675.6431738931556,1420.1563081906038
2224,6,121.039,15.441,-735.998,-117.77,-5.61805,-665.112,746.0441810013667,675.4815378156552,1421.525718817022
2224,7,121.348,15.4508,-736.777,-116.492,-6.29375,-665.09,746.8630477227,675.2441820949385,1422.1072298176387
2224,8,121.67,15.1129,-737.996,-115.816,-6.25957,-666.064,748.1110109217816,676.0871098967831,1424.1981208185648
2224,9,121.574,14.5888,-739.016,-115.206,-6.23538,-666.224,749.0912620084684,676.1403113080482,1425.2315733165167
2225,0,121.283,14.9911,-740.559,-114.584,-6.63662,-666.78,750.5744011416922,676.5863626921728,1427.160763833865
2225,1,121.242,15.061,-741.052,-113.63,-6.36694,-667.151,751.055605790277,676.7885723222308,1427.844178112508
2225,2,121.175,15.1287,-742.228,-112.82,-6.64558,-667.475,752.2065289351656,676.9751780963143,1429.1817070314798
2225,3,121.232,14.9366,-742.964,-112.31,-6.96625,-667.799,752.9381150795596,677.2130899060224,1430.151204985582
2225,4,121.31,14.8382,-744.325,-110.91,-7.41069,-667.568,754.2917167145879,676.7591750765379,1431.0508917911257
2225,5,121.388,14.5577,-746.073,-110.824,-7.27559,-668.496,756.0237393774681,677.6590552791632,1433.6827946566314
2225,6,121.195,14.1121,-745.741,-109.979,-6.77424,-668.519,755.6566802936437,677.5388727811694,1433.1955530748132
2225,7,120.961,14.456,-746.79,-109.369,-7.16504,-668.496,756.6609832395218,677.4214478263893,1434.0824310659111
2225,8,120.999,14.3136,-748.375,-109.359,-7.04116,-669.19,758.2287107271526,678.1034028193235,1436.3321135464762
2225,9,121.009,14.2162,-749.01,-109.237,-6.74012,-668.472,758.85522896231,677.3721031830396,1436.2273321453495
2226,0,121.145,13.8674,-750.066,-109.281,-6.76292,-670.141,759.91277141772,679.026534038933,1438.939305456653
2226,1,121.097,14.0199,-750.924,-109.426,-6.97427,-669.886,760.7548190981179,678.8003704433527,1439.5551895414706
2226,2,121.087,13.9819,-751.174,-109.715,-7.20763,-670.767,760.999299193245,679.718838523854,1440.718137717099
2226,3,120.951,13.9043,-753.317,-109.292,-7.10757,-671.624,763.0917221726953,680.4954490599514,1443.5871712326466
2226,4,120.863,13.8268,-753.776,-109.148,-7.3519,-672.296,763.5295039114336,681.1382003335373,1444.667704244971
2226,5,121.125,13.7482,-755.213,-109.204,-7.19622,-673.363,764.9882051360269,682.1986726513682,1447.1868777873951
2226,6,120.894,13.6706,-755.992,-109.349,-7.22973,-673.941,765.7193667423855,682.7927535335103,1448.512120275896
2226,7,120.583,13.6595,-756.643,-109.171,-7.37393,-674.566,766.3129068978611,683.3827408126759,1449.695647710537
2226,8,120.474,13.7948,-758.146,-109.338,-7.12874,-675.77,767.7822858721344,684.5952892607337,1452.377575132868
2226,9,120.261,14.0856,-759.208,-109.304,-7.01788,-676.512,768.8029003017352,685.3211664611669,1454.1240667629022
2227,0,120.434,14.1263,-760.89,-109.094,-7.14,-677.3,770.4917214400749,686.0668848122608,1456.5586062523357
2227,1,120.126,14.2613,-762.258,-109.194,-7.22911,-678.112,771.7971878140592,686.8853428421603,1458.6825306562196
2227,2,120.143,14.4841,-762.711,-109.482,-7.50789,-679.06,772.2513833738403,687.8700170353786,1460.121400409219
2227,3,119.747,13.9735,-763.465,-109.793,-7.3512,-680.449,772.9252285546448,689.2890428488182,1462.214271403463
2227,4,119.551,14.4325,-765.833,-109.637,-7.3183,-681.493,775.2424927377562,690.2945301339785,1465.5370228717347
2227,5,119.733,14.0398,-767.306,-109.538,-7.38402,-681.909,776.7184849796225,690.6902210661161,1467.4087060457387
2227,6,119.358,13.7664,-768.182,-109.992,-7.52803,-683.207,777.5213380074916,692.0453136527123,1469.566651660204
2227,7,119.568,13.6016,-769.85,-109.937,-7.55106,-684.248,779.1986477443093,693.064562634769,1472.2632103790784
2227,8,119.541,13.3116,-771.642,-110.115,-7.68387,-684.944,780.9600665460175,693.7814052128933,1474.7414717589108
2227,9,119.532,13.1349,-772.862,-109.681,-7.57186,-685.316,782.1611698786958,694.0787236912392,1476.239893569935
2228,0,119.328,12.9121,-774.57,-110.136,-7.88331,-685.779,783.8141226148009,694.6113459435832,1478.4254685583842
2228,1,119.501,12.4761,-776.22,-110.358,-8.00576,-686.962,785.4639587353515,695.8159022336135,1481.279860968965
2228,2,119.329,12.347,-777.283,-110.513,-8.35011,-686.869,786.4863131288427,695.7527367298042,1482.239049858647
2228,3,118.959,11.8632,-778.544,-110.935,-8.67215,-687.38,787.6691812755149,696.3282593795992,1483.9974406551141
2228,4,119.044,11.9263,-779.847,-110.735,-9.05014,-687.889,788.9708828446649,696.8037181158118,1485.7746009604766
2228,5,118.997,11.2707,-781.856,-110.891,-9.30618,-688.792,790.9400226461486,697.7233249155373,1488.663347561686
2228,6,118.513,10.8987,-782.274,-110.79,-9.87187,-688.515,791.2753780490646,697.4415983738688,1488.7169764229334
2228,7,118.375,10.926,-783.712,-110.968,-9.96091,-689.141,792.6768049116865,698.089130865843,1490.7659357775296
2228,8,118.568,10.3949,-785.483,-111.001,-10.4286,-689.534,794.4494747049746,698.4891658823063,1492.938640587281
2228,9,118.328,10.1785,-786.423,-111.201,-11.0405,-690.414,795.340337450107,699.3990609353503,1494.7393983854572
2229,0,118.016,10.2259,-786.674,-111.567,-11.3277,-689.859,795.5427880150821,698.9141235926558,1494.4569116077378
2229,1,117.637,9.83004,-788.392,-111.889,-11.8287,-690.716,797.1806816019827,699.8197333032915,1497.0004149052743
2229,2,117.654,9.56675,-789.921,-111.4,-12.4403,-690.878,798.6921638920484,699.9122316034276,1498.604395495476
2229,3,117.597,9.40022,-790.257,-111.911,-12.9274,-691.019,799.0141078817372,700.1417341886998,1499.155842070437
2229,4,117.518,9.51431,-791.551,-111.878,-13.3287,-691.18,800.2836922115657,700.302886990829,1500.5865792023947
2229,5,117.103,9.06205,-792.876,-112.255,-13.8506,-691.481,801.5282806833471,700.6703914868674,1502.1986721702146
2229,6,116.974,8.85564,-794.039,-112.055,-14.5293,-691.53,802.657630971518,700.7004812924635,1503.3581122639814
2229,7,116.761,8.7006,-795.318,-112.277,-15.2956,-692.364,803.8902615938073,701.575362027744,1505.4656236215512
2229,8,116.595,8.13966,-796.762,-112.188,-15.6063,-692.78,805.2889746754984,701.9785127364584,1507.2674874119566
2229,9,116.576,7.99025,-797.097,-112.365,-16.0396,-693.661,805.616183601138,702.8860113234292,1508.5021949245672
2230,0,116.846,8.24959,-798.392,-112.465,-16.7738,-694.634,806.939173119739,703.879343742548,1510.8185168622872
2230,1,116.752,8.02013,-799.999,-112.41,-17.4191,-695.051,808.5132973490398,704.2977536140592,1512.811050963099
2230,2,116.8,7.43906,-801.347,-112.532,-17.9743,-695.237,809.8485006608851,704.514735582933,1514.363236243818
2230,3,116.337,7.02008,-803.495,-112.621,-17.9186,-696.51,811.9038084140303,705.7837813147593,1517.6875897287896
2230,4,116.265,6.90171,-804.646,-112.965,-18.5627,-698.525,813.0315917244077,707.8437968092184,1520.875388533626
2230,5,116.063,6.89117,-805.479,-112.688,-19.3409,-697.994,813.8270870608627,707.296458207455,1521.1235452683177
2230,6,115.897,7.02502,-806.999,-112.432,-19.5853,-700.634,815.3090527622029,709.8679740318547,1525.1770267940576
2230,7,116.148,6.7765,-809.479,-112.732,-20.5398,-701.516,817.7973650588818,710.8129750251046,1528.6103400839866
2230,8,116.256,6.53319,-810.529,-112.855,-20.4963,-702.557,818.850047291063,711.8586148861935,1530.7086621772564
2230,9,116.2,6.29924,-811.769,-112.799,-20.9962,-703.969,820.0676982942186,713.2578830804747,1533.3255813746932
2231,0,116.258,6.13383,-814.058,-112.722,-21.4848,-705.985,822.3405461233618,715.2500724502165,1537.5906185735785
2231,1,115.862,6.1134,-815.657,-112.711,-21.4169,-708.231,823.867536896897,717.4633109000139,1541.3308477969108
2231,2,116.14,5.91089,-817.829,-112.312,-21.8615,-709.806,826.0555135471175,718.9690314347691,1545.0245449818867
2231,3,115.852,5.88013,-819.967,-112.778,-22.5394,-711.685,828.1317183406375,720.9177769075749,1549.0494952482122
2231,4,115.938,5.74559,-821.096,-112.668,-22.5734,-713.769,829.2606784747774,722.9590735114679,1552.2197519862452
2231,5,115.959,5.58992,-823.204,-112.701,-22.2945,-715.181,831.349843629387,724.3496551336585,1555.6994987630455
2231,6,115.62,5.63662,-825.199,-112.446,-22.5824,-717.727,833.2785521576949,726.8329341979214,1560.1114863556163
2231,7,115.705,5.24259,-827.719,-112.401,-22.7703,-719.512,835.7833898420739,728.5945302478533,1564.377920089927
2231,8,115.793,5.45081,-829.476,-112.468,-22.7264,-721.689,837.5369632169412,730.7534146358537,1568.2903778527948
2231,9,116.009,5.2894,-831.669,-112.414,-23.1814,-724.791,839.7376920171916,733.8230565899113,1573.560748607103
2232,0,115.634,4.78712,-832.678,-112.202,-23.1259,-726.786,840.6823360567857,735.7594619512616,1576.4417980080475
2232,1,115.843,4.98502,-835.471,-112.302,-23.2363,-728.985,843.4786558736388,737.9504014950395,1581.4290573686783
2232,2,115.411,4.82401,-838.425,-112.458,-23.5918,-731.533,846.3447587233468,740.5024678420998,1586.8472265654466
2232,3,115.407,4.65735,-840.222,-112.148,-23.2468,-733.294,848.1235027058397,742.1843962589352,1590.3078989647747
2232,4,115.755,4.63699,-842.133,-112.226,-23.1794,-735.887,850.0639454713158,744.7560919048329,1594.8200373761488
2232,5,115.672,4.50221,-843.807,-112.381,-23.3123,-737.117,851.7103584716368,745.9989438204922,1597.709302292129
2232,6,115.991,4.27925,-846.426,-112.204,-22.9342,-738.646,854.3472347573687,747.4714900661027,1601.8187248234713
2232,7,116.11,4.45043,-848.487,-112.37,-23.0666,-741.515,856.4061697560246,750.3356450019951,1606.7418147580197
2232,8,115.985,4.41437,-850.864,-112.537,-23.0324,-743.486,858.7441722559151,752.3074504580957,1611.0516227140108
2232,9,116.033,4.20178,-852.743,-112.559,-23.1538,-745.547,860.6113734393524,754.3513479436754,1614.9627213830277
2233,0,116.315,4.23777,-854.673,-112.826,-23.577,-747.516,862.561925225414,756.350283573028,1618.912208798442
2233,1,116.423,4.38312,-857.335,-112.87,-23.3761,-749.6,865.2149033014483,758.4103367908497,1623.625240092298
2233,2,116.975,4.47202,-859.535,-113.003,-23.4646,-751.57,867.4696339428143,760.3799907691943,1627.8496247120086
2233,3,117.125,4.34766,-860.663,-113.292,-23.6874,-753.237,868.6069118660498,762.0775212219291,1630.684433087979
2233,4,117.271,4.12437,-862.771,-113.536,-23.5214,-754.859,870.7142449218899,763.7118497410918,1634.4260946629815
2233,5,117.495,4.16129,-866.042,-113.836,-23.7534,-756.757,873.9857762706806,765.6396123219853,1639.6253885926658
2233,6,117.797,4.3061,-866.917,-113.815,-23.7308,-758.979,874.8941425082294,767.8320959263425,1642.7262384345718
2233,7,117.907,4.59653,-869.664,-113.936,-23.5867,-761.248,877.632418289708,770.0884767459452,1647.720895035653
2233,8,118.458,4.57096,-871.064,-114.026,-23.2972,-762.409,879.0936716501385,771.2406702740981,1650.3343419242365
2233,9,118.676,4.62794,-872.767,-114.237,-23.3195,-764.077,880.8107896101432,772.9214404958955,1653.7322301060385
2234,0,119.035,4.43558,-874.842,-114.138,-23.2622,-766.414,882.914226048565,775.2154748125453,1658.1297008611102
2234,1,119.086,4.54033,-876.817,-113.783,-23.4498,-767.737,884.8786026803388,776.4770217965499,1661.3556244768888
2234,2,119.289,4.62867,-879.053,-113.993,-23.0832,-769.981,887.1220135449063,778.7155954083878,1665.837608953294
2234,3,119.456,4.50428,-881.191,-113.972,-22.6822,-772.136,889.2623926352212,780.8316729467625,1670.0940655819836
2234,4,119.748,4.88783,-882.18,-113.895,-22.4922,-773.827,890.2836777039714,782.4871858470526,1672.770863551024
2234,5,119.789,4.81506,-885.109,-114.084,-22.4037,-774.199,893.191206408126,782.8800523903326,1676.0712587984585
2234,6,120.398,4.99666,-886.107,-113.586,-22.2579,-776.719,894.2629705316862,785.2958668358125,1679.5588373674987
2234,7,120.626,4.96015,-887.888,-113.63,-21.1707,-778.528,896.0582210481764,787.0615110793375,1683.119732127514
2234,8,121.052,5.0845,-889.278,-113.187,-21.3226,-781.397,897.4936212186971,789.8399976253165,1687.3336188440135
2234,9,121.047,5.24057,-892.13,-113.308,-21.0459,-782.535,900.3198191103675,790.9757638485581,1691.2955829589255
2235,0,121.578,5.59759,-893.671,-112.545,-20.9887,-784.04,901.9203952338634,792.3544813735137,1694.274876607377
2235,1,121.661,5.17761,-894.834,-112.411,-20.5221,-786.632,903.081443792481,794.8882266919104,1697.9696704843914
2235,2,122.269,5.3749,-896.395,-111.88,-20.5095,-788.972,904.7113318269038,797.1289674665261,1701.8402992934298
2235,3,122.159,5.01228,-898.587,-111.923,-20.3875,-790.131,906.8663301726436,798.2790271867663,1705.14535735941
2235,4,122.804,4.95018,-901.29,-111.813,-19.8321,-791.935,909.631238908401,800.0353138358394,1709.6665527442403
2235,5,123.178,5.08486,-901.941,-111.658,-19.6069,-794.022,910.3275470764463,802.0741087802362,1712.4016558566825
2235,6,123.625,4.90442,-902.267,-111.371,-19.5181,-795.99,910.7101258081719,803.9804325781878,1714.6905583863597
2235,7,124.16,5.07531,-904.992,-111.326,-19.3064,-798.074,913.4834341330969,806.0324589202099,1719.5158930533069
2235,8,124.435,4.76987,-906.673,-111.459,-19.2724,-799.209,915.1845441296618,807.1738101324646,1722.3583542621263
2235,9,124.805,4.85275,-908.138,-111.15,-19.272,-800.738,916.6866772521365,808.6452109101989,1725.3318881623354
2236,0,125.194,4.94132,-910.169,-111.094,-18.9388,-802.358,918.7521770533893,810.2338644770656,1728.986041530455
2236,1,125.45,5.22072,-911.72,-110.696,-18.8822,-804.395,920.3251147378944,812.1954554895268,1732.520570227421
2236,2,125.818,4.9932,-913.468,-110.495,-18.8809,-806.641,922.1056816841766,814.3926180232787,1736.4982997074553
2236,3,126.546,5.01892,-914.697,-110.607,-18.4153,-808.773,923.4228075388686,816.5089082502959,1739.9317157891646
2236,4,126.516,5.23173,-916.116,-110.497,-18.4021,-811.156,924.8254941937927,818.854248709384,1743.6797429031767
2236,5,127.17,4.85905,-918.991,-110.142,-17.8812,-813.589,927.7608944916263,821.2052474250515,1748.9661419166778
2236,6,127.207,5.47024,-920.249,-110.286,-17.6577,-814.496,929.0154823121397,822.1183188454628,1751.1338011576026
2236,7,127.534,5.64192,-922.921,-110.32,-17.5669,-816.392,931.7080683659912,823.999390800509,1755.7074591665
2236,8,127.856,5.85379,-924.724,-110.12,-17.6212,-818.224,933.5394473557956,825.7889774424457,1759.3284247982413
2236,9,128.303,5.75061,-925.505,-110.286,-17.1003,-820.837,934.3737123599808,828.3892820559004,1762.7629944158812
2237,0,128.23,6.26864,-927.282,-109.989,-16.9426,-823.593,936.1272009035148,831.0776506829912,1767.204851586506
2237,1,128.479,6.21757,-929.379,-109.866,-16.997,-824.964,938.2381559384082,832.4211898197931,1770.6593457582012
2237,2,128.926,6.46499,-932.343,-109.789,-16.8756,-827.346,941.2370473056721,834.769317903072,1776.0063652087442
2237,3,128.855,7.11292,-933.886,-109.644,-16.52,-829.8,942.7604497707391,837.1754637684982,1779.9359135392374
2237,4,129.239,7.13884,-935.61,-109.622,-16.1299,-831.678,944.5209125570199,839.0264907867987,1783.5474033438186
2237,5,129.369,7.53209,-938.388,-109.623,-15.8737,-833.324,947.2935706974729,840.6533562989504,1787.9469269964234
2237,6,129.313,7.39351,-939.91,-109.623,-15.4396,-835.361,948.7925611318419,842.6645736579651,1791.457134789807
2237,7,129.304,7.83324,-942.343,-109.822,-15.4381,-837.745,951.2051375565092,845.05378032443,1796.2589178809392
2237,8,129.438,8.24334,-944.665,-109.391,-15.4482,-840.177,953.5271945379196,847.4092453432639,1800.9364398811836
2237,9,129.527,8.36195,-946.945,-109.445,-15.1827,-842.61,955.7991415364436,849.823707897285,1805.6228494337286
2238,0,129.808,8.64203,-950.351,-109.468,-15.0035,-844.071,959.2141704267723,851.2721075409731,1810.4862779677455
2238,1,129.985,8.95358,-952.947,-109.667,-14.912,-845.924,961.8130024224129,853.1334200516353,1814.9464224740482
2238,2,129.803,9.33121,-955.248,-109.9,-14.9675,-847.453,964.0719017755181,854.680421716357,1818.7523234918751
2238,3,130.177,9.51811,-958.372,-110.0,-15.113,-850.436,967.2194870508823,857.6536555422591,1824.8731425931414
2238,4,130.579,9.80842,-961.209,-109.945,-15.0677,-851.878,970.0875331767213,859.0757041683172,1829.1632373450384
2238,5,130.563,10.3897,-964.258,-110.133,-15.1878,-853.845,973.1126005756427,861.052397350382,1834.1649979260246
2238,6,130.892,10.8094,-967.492,-110.299,-15.2103,-855.953,976.3658785805452,863.1643880722199,1839.530266652765
2238,7,131.282,11.3329,-970.323,-110.919,-15.5417,-857.924,979.2293513142924,865.2041139383758,1844.4334652526682
2238,8,131.672,11.8109,-973.516,-110.954,-16.1295,-859.316,982.4512278982656,866.5996415544205,1849.0508694526861
2238,9,131.995,12.0757,-978.041,-111.141,-16.485,-861.445,986.9816108907451,868.741368377839,1855.722979268584
2239,0,131.97,12.5773,-979.664,-111.573,-16.3967,-862.468,988.5928495954693,869.8094257501984,1858.4022753456677
2239,1,131.96,12.8529,-983.2,-111.773,-16.772,-864.111,992.0992282218599,871.4713557162966,1863.5705839381565
2239,2,132.501,12.9511,-986.683,-112.061,-17.1048,-864.926,995.6242205175655,872.3228916978163,1867.9471122153818
2239,3,132.518,14.0387,-989.822,-112.57,-17.4823,-864.884,998.7520698880629,872.3542681555986,1871.1063380436615
2239,4,132.777,14.6096,-992.916,-112.914,-18.0703,-867.076,1001.860946038501,874.5838421295525,1876.4447881680535
2239,5,133.156,14.9412,-997.277,-113.158,-18.5592,-867.317,1006.2381301274763,874.8645354325663,1881.1026655600426
2239,6,133.615,15.1856,-999.441,-113.523,-18.3605,-866.741,1008.4472634468101,874.3366288622763,1882.7838923090862
2239,7,133.408,15.5538,-1002.36,-113.911,-18.78,-867.755,1011.3185377310356,875.4011333931434,1886.719671124179
2239,8,133.636,16.0766,-1005.74,-114.034,-19.1234,-869.192,1014.7068469087809,876.8490123433795,1891.5558592521604
2239,9,134.218,16.2179,-1008.45,-114.244,-20.0322,-869.129,1017.4718149926366,876.8341914032777,1894.3060063959142
2240,0,134.438,16.0941,-1012.46,-114.808,-20.7778,-869.219,1021.4733709200696,877.0144034152689,1898.4877743353386
2240,1,134.863,16.4765,-1014.58,-115.164,-21.4775,-869.936,1023.6366934714924,877.7885132526228,1901.4252067241152
2240,2,135.062,16.8085,-1018.06,-115.474,-22.3109,-869.641,1027.1175361740495,877.5576846087156,1904.675220782765
2240,3,135.96,16.7164,-1020.54,-115.85,-22.8996,-869.57,1029.6924061237705,877.5520492142674,1907.2444553380378
2240,4,135.826,16.964,-1023.95,-115.841,-23.6443,-870.678,1033.0586053424074,878.6685210518754,1911.7271263942828
2240,5,135.919,18.216,-1025.69,-116.36,-24.2221,-871.424,1034.8167824871223,879.4919826265672,1914.3087651136893
2240,6,136.481,18.6065,-1028.43,-116.914,-25.2976,-871.381,1037.6133818061764,879.5531246734105,1917.166506479587
2240,7,136.834,17.7645,-1032.06,-116.861,-25.3357,-871.081,1041.2429901882892,879.2499642175086,1920.4929544057977
2240,8,137.686,17.6956,-1035.24,-116.971,-26.7058,-871.174,1044.5058288278528,879.3972668087159,1923.9030956365687
2240,9,138.487,16.8321,-1038.06,-117.191,-27.7425,-871.336,1047.392253341321,879.619123077284,1927.011376418605
2241,0,138.996,16.2245,-1040.54,-117.821,-28.345,-871.498,1049.9079073977155,879.882941685995,1929.7908490837103
2241,1,139.261,16.0176,-1042.42,-117.924,-29.4207,-872.77,1051.8030452659664,881.1918748289103,1932.9949200948768
2241,2,139.765,15.9288,-1045.48,-118.255,-30.1235,-873.4,1054.9011386354837,881.8839097507392,1936.785048386223
2241,3,140.445,15.6486,-1048.59,-118.643,-30.6131,-873.61,1058.0693100203596,882.1608444272564,1940.2301544476159
2241,4,141.078,15.069,-1050.56,-119.76,-30.8817,-872.251,1060.0973495132416,880.9755637904436,1941.0729133036853
2241,5,141.972,14.9177,-1052.63,-120.738,-31.8464,-872.566,1062.2657405081322,881.4552071392851,1943.7209476474172
2241,6,141.761,14.5033,-1054.18,-120.94,-32.6695,-873.494,1063.7678314519057,882.4316108720551,1946.1994423239607
2241,7,142.719,13.7679,-1056.35,-120.886,-33.381,-873.637,1066.0363926862017,882.5923883231715,1948.6287810093731
2241,8,143.482,13.1254,-1057.64,-121.007,-33.8829,-875.574,1067.4088860643612,884.5454055261437,1951.954291590505
2241,9,144.049,12.7716,-1060.05,-120.499,-34.5498,-876.047,1069.868791332638,884.9700807880683,1954.8388721207064
2242,0,144.729,12.3259,-1061.53,-120.342,-34.9843,-876.625,1071.421650029441,885.5379657787067,1956.9596158081476
2242,1,145.16,11.5903,-1063.25,-120.066,-35.2409,-877.964,1073.175811856608,886.8362592298593,1960.0120710864674
2242,2,145.82,11.015,-1064.76,-119.887,-35.6068,-879.424,1074.7551629208394,888.2720916201522,1963.0272545409916
2242,3,146.655,10.7387,-1065.66,-120.196,-36.1301,-880.192,1075.757521146234,889.0952813990242,1964.8528025452583
2242,4,147.377,9.76656,-1066.61,-120.716,-36.2104,-880.84,1076.7879354465454,889.8104580887775,1966.5983935353229
2242,5,148.012,9.08158,-1067.73,-120.862,-36.808,-881.212,1077.9783764711128,890.2230287135915,1968.2014051847043
2242,6,148.23,9.06399,-1069.85,-120.344,-37.9067,-883.197,1080.1080090966457,892.1639630975295,1972.2719721941753
2242,7,148.656,8.40313,-1070.58,-119.855,-38.1447,-884.223,1080.8842469616238,893.1240411567085,1974.0082881183323
2242,8,149.392,7.55827,-1072.06,-119.522,-38.4875,-886.969,1082.445259913587,895.8129286303308,1978.2581885439179
2242,9,149.901,7.37462,-1072.28,-119.874,-38.9437,-887.698,1082.7322352369233,896.6014314341072,1979.3336666710306
2243,0,150.504,6.62545,-1073.12,-119.811,-38.882,-888.576,1083.642877060382,897.4596333100448,1981.102510370427
2243,1,150.722,6.10631,-1073.95,-119.721,-39.1233,-889.55,1084.4920519790894,898.4224802084428,1982.9145321875321
2243,2,150.945,5.90804,-1074.91,-119.577,-39.6335,-891.213,1085.4726187526066,900.0722663321262,1985.5448850847329
2243,3,151.583,5.28234,-1076.87,-119.621,-39.9146,-892.721,1087.4991061627936,901.5836859522027,1989.0827921149962
2243,4,152.217,4.44863,-1076.59,-119.632,-40.3477,-893.49,1087.3066878750801,902.3658528663915,1989.6725407414715
2243,5,152.638,4.13031,-1076.79,-119.565,-40.7488,-896.211,1087.562468368919,905.0692848878698,1992.631753256789
2243,6,153.094,3.69534,-1076.55,-120.217,-40.939,-896.39,1087.3873876745654,905.3414609471943,1992.7288486217597
2243,7,153.696,3.63198,-1077.91,-120.133,-41.2271,-897.172,1088.8184512556354,906.117657397432,1994.9361086530675
2243,8,153.982,2.82636,-1077.14,-120.297,-41.4724,-898.698,1088.0942166167642,907.6615136573545,1995.7557302741188
2243,9,154.417,2.36315,-1077.55,-120.331,-41.7067,-899.075,1088.560607805979,908.0500283634653,1996.6106361694444
2244,0,154.885,1.97405,-1078.2,-120.794,-41.9416,-900.342,1089.2697095294639,909.3767124852934,1998.6464220147573
2244,1,155.15,1.71994,-1078.43,-121.206,-42.042,-901.249,1089.5346463484325,910.3341058100592,1999.8687521584916
2244,2,155.855,1.35419,-1078.59,-121.595,-42.5854,-902.06,1089.7931009854833,911.2140823748061,2001.0071833602894
2244,3,156.23,0.629343,-1079.17,-121.586,-42.7432,-903.838,1090.4201474076915,912.980430669924,2003.4005780776156
2244,4,157.013,0.657365,-1079.69,-121.442,-43.0872,-905.37,1091.047208143508,914.4941241297507,2005.5413322732588
2244,5,157.264,0.209157,-1079.19,-121.618,-43.4112,-906.138,1090.588403359696,915.2931471684032,2005.881550528099
2244,6,157.553,-5.03063e-05,-1080.65,-121.917,-43.3247,-907.339,1092.074800693159,916.5177823916403,2008.5925830847991
2244,7,157.73,-0.624859,-1080.61,-122.228,-43.5005,-908.775,1092.0609485961716,917.9890947659727,2010.0500433621442
2244,8,158.56,-0.854914,-1080.98,-122.274,-44.1316,-909.819,1092.5473742030354,919.0588348716093,2011.6062090746445
2244,9,159.024,-1.21121,-1080.2,-122.737,-44.5011,-910.655,1091.8434592951794,919.9658950717738,2011.8093543669534
2245,0,159.345,-1.73362,-1080.91,-122.884,-45.0115,-912.985,1092.5933656046536,922.3167150243186,2014.910080628972
2245,1,159.658,-2.21032,-1082.03,-122.962,-45.5573,-913.646,1093.747906685312,923.0081984160757,2016.7561051013877
2245,2,160.238,-2.74339,-1083.03,-123.635,-45.6377,-914.937,1094.8231472400882,924.3798606932596,2019.2030079333479
2245,3,160.389,-3.42156,-1083.17,-124.28,-46.1693,-916.673,1094.985656204607,926.2108353887305,2021.1964915933377
2245,4,160.737,-3.71841,-1084.15,-124.173,-47.0574,-917.766,1096.0070402337424,927.3229014640801,2023.3299416978225
2245,5,161.059,-4.15312,-1084.87,-124.667,-47.1962,-917.911,1096.768055145086,927.5397275073666,2024.3077826524527
2245,6,161.371,-4.88733,-1085.8,-124.892,-47.4607,-920.95,1097.7368198414083,930.5909048601808,2028.327724701589
2245,7,161.886,-5.32892,-1087.2,-125.246,-48.2363,-921.893,1099.1993970087349,931.611509483803,2030.810906492538
2245,8,162.498,-5.98622,-1088.66,-125.37,-48.5629,-922.519,1100.7370396392994,932.2646070281817,2033.001646667481
2245,9,162.785,-6.41669,-1089.0,-125.91,-48.9938,-923.719,1101.11812723956,933.5472733072708,2034.6654005468308
2246,0,162.817,-6.80488,-1090.15,-126.333,-49.5264,-925.154,1102.2625387723265,935.0523059711473,2037.3148447434737
2246,1,163.288,-7.32762,-1091.59,-126.39,-50.2043,-927.305,1103.7596627250264,937.2243418005584,2040.9840045255846
2246,2,163.7,-7.66993,-1092.92,-126.589,-51.236,-928.332,1105.1382919011562,938.323081268387,2043.461373169543
2246,3,164.157,-8.18235,-1093.94,-126.954,-51.3981,-930.661,1106.2184210636353,940.68537764792,2046.9037987115553
2246,4,164.557,-8.6592,-1095.9,-127.012,-52.127,-932.428,1108.2196524126614,942.4814308287458,2050.701083241407
2246,5,164.946,-8.99088,-1097.03,-127.541,-52.3197,-933.774,1109.3975120483976,943.8950899147055,2053.292601963103
2246,6,165.539,-9.43536,-1098.85,-127.766,-52.8621,-934.932,1111.2891203639715,945.1012628265872,2056.3903831905586
2246,7,165.691,-9.76768,-1100.52,-127.987,-53.4838,-936.758,1112.9659408326845,946.9724069873631,2059.9383478200475
2246,8,165.971,-10.3464,-1102.01,-128.551,-53.7083,-938.152,1114.4861869641811,948.4403598507869,2062.926546814968
2246,9,166.417,-10.3639,-1102.35,-128.908,-53.9314,-940.553,1114.8890307166043,950.8763401089334,2065.7653708255375
2247,0,166.885,-10.6217,-1104.2,-129.418,-54.4959,-940.939,1116.7905191824875,951.359565864458,2068.1500850469456
2247,1,166.949,-10.9322,-1105.9,-130.292,-55.1188,-942.733,1118.4839254981898,953.2888317117955,2071.7727572099852
2247,2,167.555,-11.2439,-1108.51,-130.364,-55.4096,-943.875,1121.1581170433587,954.44487106022,2075.602988103579
2247,3,167.72,-11.42,-1110.43,-130.683,-55.9081,-945.539,1123.0828997451613,956.1630418791609,2079.2459416243223
2247,4,167.729,-11.9103,-1111.52,-130.807,-56.7181,-948.151,1124.1670619116583,958.8105823975922,2082.9776443092505
2247,5,168.201,-12.0521,-1112.36,-131.282,-56.9781,-948.975,1125.0695974540463,959.7056934438859,2084.7752908979323
2247,6,168.478,-12.1975,-1115.56,-131.825,-57.2669,-950.703,1128.2764417864312,961.5058620048086,2089.78230379124
2247,7,168.712,-12.2848,-1116.19,-132.502,-57.5781,-951.546,1128.9352378923427,962.4509378246821,2091.386175717025
2247,8,168.879,-12.6981,-1118.18,-132.804,-58.2207,-952.607,1130.932301592191,963.5801205781956,2094.5124221703863
2247,9,169.102,-13.03,-1119.76,-133.169,-58.1925,-954.571,1132.5315558093735,965.5703721936843,2098.1019280030578
2248,0,168.73,-13.2742,-1121.93,-133.755,-58.3683,-955.989,1134.624582047137,967.0637138218402,2101.688295868977
2248,1,169.272,-13.6409,-1123.64,-133.98,-58.9325,-956.873,1136.400428430406,968.0029018991886,2104.4033303295946
2248,2,169.234,-13.6273,-1125.69,-134.731,-59.2912,-957.821,1138.421638129428,969.0660229310695,2107.4876610604974
2248,3,169.213,-13.9515,-1127.39,-134.726,-59.2708,-959.345,1140.1034583849178,970.5704260040278,2110.6738843889457
2248,4,169.549,-14.3405,-1127.62,-135.562,-59.5897,-960.692,1140.385626768967,972.037605781839,2112.423232550806
2248,5,169.536,-14.4608,-1130.14,-135.911,-60.1109,-962.404,1142.8770667191814,973.8103405878427,2116.687407307024
2248,6,169.256,-14.7398,-1131.25,-136.409,-60.1265,-964.049,1143.9368067074508,975.5065790061336,2119.4433857135846
2248,7,169.55,-14.9835,-1133.05,-136.82,-60.5795,-964.29,1145.7635053850554,975.8303091830311,2121.5938145680866
2248,8,169.874,-15.2832,-1134.86,-137.275,-60.86,-965.393,1147.6053205167009,977.001540261836,2124.606860778537
2248,9,169.849,-15.2587,-1134.26,-137.807,-61.0265,-966.829,1147.0079591383358,978.5056556771912,2125.513614815527
2249,0,169.636,-15.115,-1136.52,-137.888,-61.3806,-966.772,1149.209530991194,978.4828964189206,2127.6924274101148
2249,1,170.075,-15.4286,-1138.86,-137.955,-61.5712,-968.517,1151.592656681589,980.2284294915345,2131.8210861731236
2249,2,170.083,-15.7501,-1139.18,-138.825,-61.3968,-970.073,1151.9146517598472,981.8775753647906,2133.792227124638
2249,3,170.072,-15.8597,-1139.74,-138.778,-61.4942,-971.394,1152.4683435427153,983.1821668203914,2135.6505103631066
2249,4,170.475,-16.6753,-1141.79,-139.338,-61.7164,-972.828,1154.5666699481194,984.6919873021004,2139.2586572502196
2249,5,170.271,-16.8025,-1142.11,-139.509,-62.0163,-973.599,1154.8548781328543,985.4967251836456,2140.3516033164997
2249,6,170.43,-16.7361,-1142.67,-139.586,-61.9968,-974.11,1155.4311796222266,986.0112305173,2141.4424101395266
2249,7,170.529,-17.0613,-1143.6,-140.126,-61.9187,-975.561,1156.3702641449622,987.5163218938156,2143.8865860387778
2249,8,170.673,-17.4497,-1144.44,-140.55,-61.9735,-976.906,1157.2280149387543,988.9086661761287,2146.136681114883
2249,9,170.695,-17.5033,-1145.4,-140.674,-62.1855,-977.928,1158.1814661510907,989.9491824686003,2148.130648619691
2250,0,170.763,-17.369,-1145.81,-141.149,-62.2207,-979.452,1158.594942346116,991.5244202809581,2150.119362627074
2250,1,170.841,-17.8161,-1146.84,-141.164,-62.1543,-981.763,1159.6318580912694,993.8053230253348,2153.4371811166043
2250,2,170.784,-18.2929,-1146.99,-141.945,-62.209,-981.715,1159.7792311239282,993.8725692617742,2153.6518003857022
2250,3,170.975,-18.4919,-1146.72,-141.953,-61.8239,-983.571,1159.5435133666224,995.6830624557244,2155.2265758223466
2250,4,170.805,-18.781,-1147.51,-142.326,-61.9533,-985.288,1160.3043885489703,997.440396515446,2157.744785064416
2250,5,170.975,-19.0917,-1147.79,-142.924,-61.724,-986.082,1160.611402552073,998.2959644694553,2158.9073670215284
2250,6,171.074,-19.2682,-1147.81,-143.281,-61.9432,-988.248,1160.6486863419266,1000.5001321795215,2161.148818521448
2250,7,170.95,-19.2903,-1146.97,-143.791,-61.3953,-988.199,1159.80006857824,1000.4911284684587,2160.2911970466985
2250,8,171.265,-19.3579,-1147.12,-144.005,-61.2905,-989.643,1159.996001250612,1001.9417312719588,2161.9377325225705
2250,9,170.983,-19.4351,-1147.72,-144.292,-61.1585,-990.874,1160.5490544569886,1003.1908229555582,2163.739877412547
2251,0,170.995,-19.8478,-1147.11,-144.867,-60.8044,-991.733,1159.9545582865908,1004.1005756583152,2164.0551339449057
2251,1,170.67,-20.0459,-1147.84,-145.225,-60.5477,-993.509,1160.6320487591274,1005.8908776210718,2166.5229263801994
2251,2,171.087,-20.3358,-1148.11,-145.667,-60.3821,-995.178,1160.9654940740659,1007.5932336877863,2168.5587277618524
2251,3,170.893,-20.3789,-1147.86,-146.001,-60.0283,-996.524,1160.690439615236,1008.9498359075588,2169.640275522795
2251,4,170.514,-20.5128,-1147.53,-146.378,-59.8385,-996.717,1160.3106911770828,1009.1838004324336,2169.4944916095164
2251,5,170.863,-20.4672,-1147.34,-147.097,-59.7493,-997.683,1160.1733261219376,1010.2370388916108,2170.4103650135485
2251,6,171.062,-20.7912,-1147.88,-147.214,-59.2755,-998.543,1160.7424245892971,1011.0755014069177,2171.817925996215
2251,7,170.882,-20.9789,-1148.53,-147.411,-58.9946,-999.216,1161.362102476747,1011.7524303930087,2173.1145328697557
2251,8,170.715,-21.2681,-1147.36,-147.777,-58.6305,-999.863,1160.1857234523313,1012.4236247876923,2172.609348240024
2251,9,170.761,-21.6467,-1147.02,-148.43,-58.5069,-1001.06,1159.8632588119558,1013.6940592938334,2173.5573181057894
2252,0,170.435,-21.4323,-1146.57,-148.799,-58.1637,-1001.12,1159.3662913886576,1013.7876566612409,2173.1539480498986
2252,1,170.582,-21.5229,-1146.93,-149.176,-58.041,-1001.92,1159.745609540476,1014.6260015675726,2174.3716111080485
2252,2,170.279,-21.4784,-1146.15,-149.366,-57.6322,-1002.76,1158.9288511412424,1015.4601370968926,2174.388988238135
2252,3,170.158,-22.1369,-1145.74,-149.719,-57.2326,-1002.88,1158.5179907561255,1015.6080168370867,2174.1260075932123
2252,4,170.08,-22.1776,-1144.85,-150.306,-57.3725,-1003.98,1157.6271311790165,1016.7887380337422,2174.4158692127585
2252,5,169.935,-22.3677,-1144.16,-150.663,-57.0766,-1003.9,1156.927103938831,1016.7459308187862,2173.673034757617
2252,6,170.047,-22.1322,-1143.78,-150.578,-56.4901,-1003.85,1156.5632299558204,1016.6512125512909,2173.214442507111
2252,7,169.732,-22.2237,-1142.48,-150.951,-56.331,-1003.16,1155.233047945604,1016.0164228800635,2171.2494708256677
2252,8,169.611,-22.7133,-1141.15,-151.351,-56.4531,-1003.73,1153.9094885726047,1016.6454596370409,2170.5549482096458
2252,9,169.063,-22.9899,-1140.27,-151.409,-56.0131,-1004.26,1152.964225971912,1017.1530367907329,2170.1172627626447
2253,0,168.975,-23.0891,-1139.18,-151.74,-56.0636,-1004.34,1151.8753099028602,1017.2841247384922,2169.159434641352
2253,1,168.64,-23.3682,-1137.76,-151.93,-55.8894,-1004.2,1150.4274596736814,1017.1646818152703,2167.5921414889517
2253,2,168.317,-23.7457,-1136.01,-151.954,-55.6561,-1004.59,1148.6571250192505,1017.5405091116569,2166.1976341309073
2253,3,168.005,-23.666,-1135.34,-152.217,-55.0273,-1003.7,1147.9471569636817,1016.6669606288433,2164.614117592525
2253,4,167.761,-24.1134,-1134.01,-152.198,-54.79,-1002.84,1146.6053764397584,1015.8022646676862,2162.4076411074448
2253,5,167.325,-23.9214,-1132.68,-152.45,-54.6353,-1002.58,1145.2221930276064,1015.57504641759,2160.7972394451963
2253,6,166.925,-24.0121,-1130.26,-152.498,-54.4142,-1003.52,1142.7721575937217,1016.4983696817422,2159.270527275464
2253,7,166.602,-24.2356,-1128.92,-152.828,-53.9832,-1002.86,1141.4043793114517,1015.8733991331006,2157.2777784445525
2253,8,166.289,-24.4017,-1127.36,-153.151,-53.6479,-1002.44,1139.8193032599027,1015.4896747753816,2155.3089780352843
2253,9,165.843,-24.4236,-1126.57,-153.0,-53.6026,-1001.98,1138.9733876548476,1015.0104231616344,2153.983810816482
2254,0,165.442,-24.2896,-1124.1,-153.426,-52.8763,-1002.46,1136.4690273087779,1015.510458920877,2151.979486229655
2254,1,164.985,-24.8695,-1123.43,-153.244,-52.3508,-1001.73,1135.7523969401298,1014.7350997657664,2150.4874967058963
2254,2,164.45,-24.9002,-1121.28,-153.527,-52.2808,-1001.72,1133.5487024649801,1014.7643963884622,2148.313098853442
2254,3,163.904,-24.9571,-1120.66,-153.718,-51.6211,-1001.05,1132.8575434080008,1014.0981530351044,2146.955696443105
2254,4,163.895,-25.1685,-1118.24,-153.741,-51.1747,-1000.66,1130.467037121052,1013.6940271112827,2144.161064232335
2254,5,163.302,-24.7335,-1116.73,-154.138,-50.7199,-1001.3,1128.877841985682,1014.3632097528035,2143.2410517384856
2254,6,162.6,-24.7925,-1115.29,-154.34,-49.9238,-1000.46,1127.3531887373406,1013.5252503053094,2140.87843904265
2254,7,162.3,-24.948,-1113.12,-154.429,-49.7273,-1000.15,1125.1665774915286,1013.2231456625386,2138.3897231540673
2254,8,162.067,-25.1041,-1111.82,-154.969,-49.1883,-999.706,1123.8503640279741,1012.8410370111837,2136.691401039158
2254,9,161.765,-24.9248,-1109.14,-154.931,-48.6992,-999.771,1121.1515064789594,1012.8757472082348,2134.0272536871944
2255,0,160.916,-24.8925,-1107.89,-155.237,-47.8365,-999.52,1119.7918769629696,1012.6337379829146,2132.4256149458843
2255,1,160.719,-25.0936,-1106.77,-155.428,-47.3659,-998.507,1118.6599655936384,1011.6410532969735,2130.301018890612
2255,2,159.969,-25.1933,-1104.93,-155.254,-46.6481,-997.786,1116.734117069005,1010.8693048785336,2127.6034219475387
2255,3,159.984,-25.0705,-1102.7,-155.548,-46.1344,-998.099,1114.5271195562045,1011.1998699408342,2125.7269894970386
2255,4,159.268,-25.1824,-1100.84,-155.871,-45.9974,-996.934,1112.5866953607524,1010.093525275635,2122.6802206363873
2255,5,159.013,-25.0715,-1098.91,-155.918,-45.1935,-996.713,1110.638060927704,1009.8463643224399,2120.484425250144
2255,6,158.254,-24.7153,-1096.95,-156.182,-44.3917,-996.163,1108.5821922934222,1009.308754902032,2117.890947195454
2255,7,157.865,-24.5273,-1094.58,-156.361,-43.8133,-994.69,1106.1773470245582,1007.8574123743349,2114.034759398893
2255,8,157.486,-24.7728,-1092.97,-156.121,-43.1384,-994.581,1104.5356276353607,1007.6835087251155,2112.219136360476
2255,9,156.962,-24.55,-1090.95,-156.008,-42.5684,-995.017,1102.457107757032,1008.072117971507,2110.529225728539
2256,0,156.482,-24.4394,-1089.81,-156.392,-41.9587,-993.715,1101.2582515905885,1006.8209827942056,2108.0792343847943
2256,1,155.881,-24.4961,-1087.57,-155.936,-41.5345,-992.506,1098.957437745525,1005.5393134145726,2104.4967511600976
2256,2,155.257,-24.1725,-1085.55,-156.171,-41.0141,-992.059,1096.8627299280663,1005.1132260202379,2101.975955948304
2256,3,155.102,-23.7845,-1083.32,-156.164,-40.2714,-990.772,1094.625303583034,1003.8118033466035,2098.4371069296376
2256,4,154.757,-23.7968,-1081.6,-156.086,-39.6916,-990.962,1092.8744560740909,1003.9641168640242,2096.8385729381152
2256,5,154.299,-23.6067,-1080.81,-156.074,-39.1472,-990.211,1092.0236782166812,1003.1995919381347,2095.223270154816
2256,6,153.697,-23.1066,-1077.92,-156.075,-38.6687,-989.926,1089.0675870544308,1002.8998750925688,2091.9674621469994
2256,7,153.608,-23.03,-1075.64,-156.339,-38.2678,-988.938,1086.7967648847691,1001.9504355415193,2088.747200426288
2256,8,153.341,-22.7631,-1073.24,-156.123,-37.614,-987.804,1084.3780330690076,1000.7726747573597,2085.1507078263676
2256,9,153.43,-22.6523,-1072.48,-155.746,-37.4421,-986.943,1083.6361206582633,999.8575961692795,2083.493716827543
2257,0,153.117,-21.973,-1070.73,-155.753,-37.1662,-986.682,1081.8458121738051,999.5907625400707,2081.436574713876
2257,1,152.861,-21.9309,-1069.06,-155.567,-36.8556,-985.283,1080.1558837944688,998.1693327433778,2078.3252165378467
2257,2,153.028,-21.2736,-1066.59,-155.597,-36.1485,-984.624,1077.7218393170658,997.4976500409663,2075.219489358032
2257,3,152.793,-21.0982,-1065.38,-155.543,-36.0302,-982.9,1076.487519338817,995.7832144402917,2072.270733779109
2257,4,152.615,-20.6194,-1063.14,-155.07,-35.8318,-982.741,1074.2360808878839,995.5453258753415,2069.7814067632253
2257,5,152.793,-20.5426,-1061.26,-154.658,-35.2021,-980.153,1072.3994064077804,992.9039169111028,2065.303323318883
2257,6,152.558,-19.8079,-1060.03,-154.534,-35.0951,-979.273,1071.1348641354225,992.0121126926879,2063.1469768281104
2257,7,152.514,-19.2861,-1057.9,-153.797,-35.0292,-978.512,1069.0111710591289,991.1439331427297,2060.1551042018586
2257,8,152.646,-19.0876,-1055.9,-153.403,-34.6208,-976.739,1067.0473034452411,989.3180248649269,2056.365328310168
2257,9,152.601,-18.598,-1053.39,-153.488,-34.6149,-975.068,1064.548469025718,987.6813059231251,2052.2297749488434
2258,0,152.188,-18.1198,-1051.49,-153.248,-34.6271,-973.172,1062.6009291338119,985.7726548968632,2048.373584030675
2258,1,152.389,-17.4527,-1050.53,-152.937,-34.4289,-971.501,1061.6686323699546,984.0677152133434,2045.736347583298
2258,2,152.165,-17.2873,-1048.6,-152.297,-34.1288,-970.842,1059.7240197175347,983.3073477618481,2043.0313674793829
2258,3,152.12,-17.2763,-1046.48,-152.059,-34.147,-969.255,1057.6196647858294,981.7042386151747,2039.3239034010041
2258,4,152.187,-16.7427,-1044.5,-151.575,-34.4233,-966.786,1055.6616176466255,979.2012632773151,2034.8628809239406
2258,5,151.729,-16.3196,-1042.83,-151.36,-34.2727,-964.467,1053.936633619479,976.8731041718213,2030.8097377913002
2258,6,151.92,-15.9313,-1040.08,-151.007,-34.0369,-962.471,1051.237318173061,974.839499841697,2026.0768180147581
2258,7,151.762,-15.409,-1039.11,-150.816,-34.2667,-960.663,1050.246987153498,973.0329244963349,2023.2799116498327
2258,8,151.594,-14.9987,-1037.75,-150.331,-34.247,-959.017,1048.8711857695826,971.3320095924977,2020.2031953620804
2258,9,151.572,-14.4763,-1034.89,-149.985,-34.302,-957.257,1046.0310447332288,969.542722874036,2015.573767607265
2259,0,151.304,-14.066,-1033.06,-149.937,-34.0492,-955.062,1044.176094522375,967.3592279156901,2011.5353224380651
2259,1,150.857,-13.4767,-1031.85,-149.147,-34.0677,-952.93,1042.9064571628128,965.1326440921423,2008.039101254955
2259,2,151.326,-12.3864,-1029.31,-149.005,-33.9463,-951.234,1040.4480079662608,963.4318678893127,2003.8798758555736
2259,3,151.817,-12.0221,-1027.52,-149.202,-33.988,-949.475,1038.7445705164528,961.7271944647297,2000.4717649811823
2259,4,151.011,-11.6558,-1026.03,-148.185,-34.0017,-947.281,1037.1488517539997,959.4040873317613,1996.552939085761
2259,5,150.801,-11.1331,-1024.57,-147.336,-34.1983,-945.56,1035.668176790525,957.580876072037,1993.249052862562
2259,6,150.79,-10.5886,-1022.54,-147.481,-34.1676,-942.153,1033.6526467580684,954.2380969442374,1987.8907437023058
2259,7,150.722,-9.57733,-1020.56,-147.199,-34.0241,-940.071,1031.674154049586,952.1337458691453,1983.8078999187312
2259,8,150.376,-8.75545,-1019.44,-146.745,-33.9995,-938.837,1030.5083759391296,950.844347721671,1981.3527236608006
2259,9,150.388,-8.44518,-1016.93,-146.213,-33.9322,-936.329,1028.0245602655766,948.2835186835422,1976.3080789491187
2260,0,150.397,-7.74513,-1014.72,-145.866,-34.1853,-933.71,1025.8342571038056,945.6531545932103,1971.487411697016
2260,1,150.398,-6.9672,-1013.3,-145.621,-34.2328,-931.392,1024.4242237861422,943.3283722547733,1967.7525960409155
2260,2,149.928,-6.4566,-1012.0,-145.191,-34.3642,-928.709,1023.066025663818,940.6177392563038,1963.6837649201218
2260,3,149.784,-5.99007,-1009.57,-144.79,-34.4532,-926.914,1020.6383847840551,938.7868397491733,1959.4252245332284
2260,4,149.505,-5.58972,-1008.09,-144.336,-34.135,-924.743,1019.1312173094682,936.5616344747419,1955.6928517842102
2260,5,149.728,-5.06756,-1005.81,-143.738,-34.1415,-923.708,1016.9060478964384,935.4478734436516,1952.35392134009
2260,6,149.571,-4.39015,-1004.48,-143.577,-34.4177,-920.29,1015.5642903617784,932.0582691561134,1947.6225595178917
2260,7,149.403,-3.55736,-1001.53,-143.039,-34.3337,-917.222,1012.6185126290994,928.9430314936917,1941.561544122791
2260,8,148.712,-3.56968,-999.804,-142.812,-34.5069,-914.167,1010.80959630155,925.8981031304742,1936.7076994320241
2260,9,148.869,-2.99066,-997.78,-141.933,-34.4107,-912.733,1008.8289506195962,924.3433355915375,1933.1722862111337
2261,0,148.378,-2.09091,-995.244,-141.252,-34.3207,-910.499,1006.2460048738719,922.0295369203147,1928.2755417941867
2261,1,148.221,-1.95943,-993.193,-141.354,-34.6391,-907.932,1004.1940248059261,919.5223418649543,1923.7163666708805
2261,2,148.143,-1.75933,-991.382,-140.732,-34.6332,-906.159,1002.3909983709195,917.6759164581142,1920.0669148290337
2261,3,147.596,-1.39203,-988.333,-140.284,-34.9498,-903.303,999.2940687568004,914.7991030740246,1914.093171830825
2261,4,147.374,-1.13798,-986.613,-139.961,-34.68,-900.497,997.5598240925106,911.9685471166206,1909.5283712091311
2261,5,146.816,-0.571748,-985.005,-139.584,-35.2142,-898.564,995.8865973476977,910.0225244649937,1905.9091218126914
2261,6,146.995,-0.283398,-982.259,-138.999,-34.9264,-896.096,993.1970365543921,907.4847748772207,1900.681811431613
2261,7,146.234,0.150039,-978.913,-138.641,-35.1175,-894.461,989.7752607722126,905.8228558654556,1895.5981166376682
2261,8,145.701,0.416417,-977.028,-137.935,-35.2336,-891.493,987.8323074227316,902.7885908910015,1890.620898313733
2261,9,145.434,0.516026,-974.143,-137.355,-35.1789,-888.524,984.9395408286911,899.7659971382615,1884.7055379669525
2262,0,145.266,0.85981,-972.169,-136.614,-34.904,-886.839,982.9626211561842,897.9783327747948,1880.940953930979
2262,1,144.976,0.91524,-970.236,-136.495,-34.9224,-885.244,981.008039689919,896.3857420679782,1877.3937817578972
2262,2,144.33,1.11508,-966.607,-135.772,-34.8031,-882.799,977.3236335791775,893.8564572427779,1871.1800908219552
2262,3,144.163,1.41444,-965.213,-135.509,-34.4495,-880.89,975.9206456359623,891.9174004532314,1867.8380460891935
2262,4,144.017,1.32526,-962.556,-135.025,-34.6541,-878.421,973.2711368057041,889.4133518858429,1862.684488691547
2262,5,143.259,1.83667,-960.046,-134.35,-34.3058,-877.198,970.6775141897998,888.0896022461021,1858.767116435902
2262,6,142.869,1.92443,-957.187,-134.111,-34.1033,-874.852,967.7924403304796,885.7284105728403,1853.52085090332
2262,7,142.289,2.19087,-954.536,-133.759,-33.8817,-873.082,965.0854546247999,883.9183324266388,1849.0037870514388
2262,8,142.066,2.10147,-951.513,-133.173,-33.7148,-870.501,962.0624479217349,881.2739226080844,1843.3363705298193
2262,9,141.575,2.61136,-949.534,-132.486,-33.4945,-868.017,960.0339144957586,878.7081051266399,1838.7420196223984
2263,0,140.895,2.50095,-947.044,-132.116,-33.1947,-867.093,957.4706228975919,877.7282017874838,1835.1988246850756
2263,1,140.862,2.73312,-944.44,-131.542,-33.0153,-864.387,954.8908244343614,874.9618240626787,1829.8526484970403
2263,2,140.271,2.71002,-941.976,-131.052,-32.9923,-863.09,952.3665692502022,873.6060134083842,1825.9725826585864
2263,3,139.769,2.76532,-939.811,-130.586,-32.5316,-860.746,950.151427971722,871.2030101592625,1821.3544381309844
2263,4,139.3,2.90995,-937.557,-130.12,-32.2502,-858.7,947.8534095829389,869.1012483019686,1816.9546578849074
2263,5,138.9,3.13081,-936.114,-129.654,-31.8855,-856.479,946.3680219487851,866.823581974585,1813.1916039233702
2263,6,138.51,2.96349,-932.719,-129.319,-31.6943,-855.306,942.9520323611271,865.6074664936123,1808.5594988547393
2263,7,138.052,2.86406,-929.394,-129.009,-31.4069,-853.098,939.5955325456181,863.3689321794072,1802.9644647250252
2263,8,137.384,3.05305,-927.812,-128.369,-31.162,-851.762,937.9332555754181,861.9444152896402,1799.8776708650585
2263,9,137.216,3.0189,-925.531,-128.327,-30.6653,-848.571,935.6521663386507,858.7670939166743,1794.4192602553248
2264,0,136.671,3.34081,-923.229,-127.748,-30.3182,-847.609,933.2962604090172,857.717763390872,1791.0140237998894
2264,1,136.046,3.86163,-920.947,-127.18,-29.9425,-845.203,930.9494095337603,855.2423147361512,1786.1917242699114
2264,2,135.89,3.73958,-918.251,-126.768,-29.5527,-843.954,928.2591101409005,853.9331601579188,1782.1922702988193
2264,3,135.211,4.10685,-915.343,-126.511,-29.3611,-842.157,925.2846526269213,852.1123869321524,1777.3970395590736
2264,4,134.898,4.57181,-913.529,-126.343,-29.272,-839.802,923.4465906004939,849.7569080843061,1773.2034986848
2264,5,134.263,4.77139,-912.32,-126.123,-29.261,-838.329,922.1589351795775,848.2680764304407,1770.4270116100183
2264,6,134.029,5.12634,-909.509,-125.824,-28.8666,-836.757,919.3457854821523,846.6565045049615,1766.0022899871137
2264,7,133.739,5.18222,-907.111,-125.316,-28.598,-833.629,916.9314815438112,843.4804414454434,1760.4119229892544
2264,8,133.159,5.31542,-904.972,-124.838,-28.2323,-831.732,914.7315965652309,841.5222568840885,1756.2538534493194
2264,9,132.87,5.60293,-903.272,-124.963,-27.843,-829.561,913.0093842390586,839.3821756143027,1752.3915598533613
2265,0,132.369,5.51512,-900.388,-124.539,-27.7841,-828.25,910.0826991288288,838.0214682416017,1748.1041673704306
2265,1,131.823,5.35957,-898.831,-123.93,-27.7839,-825.196,908.4619941860997,834.912587289957,1743.3745814760566
2265,2,131.209,6.00325,-896.832,-123.702,-27.3903,-823.71,906.3991818815607,833.3970106966367,1739.7961925781974
2265,3,131.12,6.24704,-894.576,-123.612,-27.2516,-821.616,904.1557939231278,831.3094656639969,1735.4652595871248
2265,4,130.451,6.33625,-892.438,-123.206,-26.8446,-819.072,901.9441198372893,828.7214804559852,1730.6656002932746
2265,5,130.206,6.08124,-891.156,-123.134,-26.7722,-816.889,900.6384403588032,826.5508883122926,1727.1893286710958
2265,6,129.716,6.70123,-888.901,-123.266,-26.7731,-815.877,898.3407677159669,825.5704602083398,1723.9112279243068
2265,7,129.304,6.48019,-885.762,-122.699,-26.51,-813.557,895.1736356274329,823.1845582553161,1718.358193882749
2265,8,128.846,6.75681,-884.736,-122.328,-26.5286,-811.922,894.0943663245934,821.5139927511643,1715.6083590757576
2265,9,128.578,6.8795,-882.133,-122.083,-26.081,-809.915,891.4809360234519,819.4795816095725,1710.9605176330244
2266,0,127.744,6.89005,-879.483,-122.047,-25.6018,-807.396,888.7386284020755,816.9695362669528,1705.7081646690283
2266,1,127.342,6.75685,-877.993,-121.653,-26.0552,-805.623,887.2053584345186,815.1728307451372,1702.3781891796557
2266,2,127.029,6.86797,-876.832,-121.318,-25.4947,-804.002,886.0123543590805,813.5030748903719,1699.5154292494524
2266,3,126.45,7.22251,-874.159,-121.138,-25.2416,-800.327,883.2868868219997,809.8363170070604,1693.12320382906
2266,4,126.361,7.07911,-871.785,-121.114,-25.153,-798.464,880.9235507945011,807.9888821642289,1688.91243295873
2266,5,125.893,7.37787,-871.038,-120.72,-25.2732,-796.868,880.1196951885221,806.3564115589583,1686.4761067474803
2266,6,125.547,7.16747,-868.318,-120.582,-25.1659,-795.109,877.3765274722141,804.5940983674999,1681.970625839714
2266,7,124.968,7.38892,-865.505,-120.57,-25.2733,-792.641,874.511579218804,802.156854657423,1676.668433876227
2266,8,124.544,7.03445,-863.713,-120.176,-25.0353,-789.774,872.6745314215389,799.257160304548,1671.931691726087
2266,9,124.488,7.43291,-861.666,-119.842,-25.1846,-787.676,870.6439030114827,797.1385387855489,1667.7824417970317
2267,0,123.954,7.64378,-860.387,-119.859,-25.0239,-785.868,869.3036358244962,795.3495388042984,1664.6531746287947
2267,1,123.463,7.53338,-857.714,-119.542,-24.7891,-782.577,866.587081590318,792.0426441624277,1658.6297257527458
2267,2,123.396,7.31137,-855.76,-119.285,-25.0817,-781.474,864.6416636660974,790.9232678179914,1655.564931484089
2267,3,122.995,7.60985,-853.553,-119.052,-24.8792,-778.088,862.4026922795537,787.5362144312094,1649.9389067107631
2267,4,122.327,7.39964,-852.106,-118.819,-24.8967,-776.798,860.8735591462486,786.2270239796454,1647.100583125894
2267,5,122.226,7.4886,-849.689,-118.454,-25.1728,-774.072,858.4676295160814,783.4873841740147,1641.9550136900962
2267,6,121.825,7.64341,-848.201,-118.197,-24.958,-771.402,856.9391394623239,780.8037385777556,1637.7428780400794
2267,7,121.891,7.20068,-845.227,-118.095,-25.2384,-768.943,854.0011400475191,778.3679997973709,1632.36913984489
2267,8,121.379,7.38742,-843.087,-118.215,-25.3656,-768.153,851.8116723691079,777.6099480442364,1629.4216204133443
2267,9,121.089,7.16599,-842.108,-117.517,-25.2467,-765.749,850.799495179493,775.1252622324279,1625.9247574119208
2268,0,120.521,7.25457,-840.738,-117.319,-25.4183,-763.405,849.3634821858573,772.7852429756213,1622.1487251614785
2268,1,120.43,6.94368,-838.993,-117.175,-25.2578,-760.586,847.620701517455,769.9733764759923,1617.5940779934472
2268,2,120.03,7.08722,-836.086,-116.43,-25.3535,-759.31,844.6876517289267,768.6029019996281,1613.2905537285546
2268,3,119.762,6.78888,-832.992,-115.968,-25.5748,-757.927,841.5846348405217,767.174025073868,1608.7586599143897
2268,4,119.395,6.66529,-831.432,-115.843,-25.2172,-755.783,839.9873586785602,765.0251309034495,1605.0124895820097
2268,5,118.871,6.58757,-829.572,-115.962,-25.0138,-753.651,838.0712463171045,762.9303411422566,1601.001587459361
2268,6,118.725,6.31045,-827.201,-115.395,-24.8587,-752.638,835.7014669157896,761.8385130949275,1597.539980010717
2268,7,118.447,6.53155,-825.178,-115.025,-25.0315,-751.278,833.6612529309506,760.4445804272984,1594.1058333582491
2268,8,118.201,6.44242,-822.948,-114.976,-25.0683,-750.231,831.4183013865261,759.4040121054734,1590.8223134919995
2268,9,118.102,6.28721,-821.643,-114.649,-24.8728,-748.572,830.1113364257737,757.709105504771,1587.8204419305448
2269,0,117.555,6.33147,-819.386,-114.391,-24.7057,-747.336,827.7999048884706,756.4435004608672,1584.2434053493378
2269,1,117.065,6.07616,-817.779,-114.289,-24.484,-745.517,826.1377771209507,754.6237731916482,1580.761550312599
2269,2,117.064,5.83226,-815.48,-114.081,-24.4475,-743.298,823.8601979418034,752.3988780037155,1576.2590759455188
2269,3,116.541,5.99689,-813.596,-113.781,-23.9877,-742.668,821.9222704043686,751.7162256704919,1573.6384960748605
2269,4,116.185,5.96475,-811.526,-114.061,-23.773,-741.25,819.8225302732063,750.3510043639576,1570.1735346371638
2269,5,115.806,5.75344,-810.245,-113.794,-23.5512,-740.587,818.4992924449193,749.6484763050213,1568.1477687499405
2269,6,115.616,5.7196,-808.272,-113.602,-23.1876,-738.731,816.519074648082,747.7744108745363,1564.2934855226183
2269,7,115.127,5.98542,-806.712,-113.578,-23.0606,-737.854,814.9075421945586,746.9004476316506,1561.8079898262092
2269,8,114.648,5.43179,-804.689,-113.315,-22.7873,-736.795,812.8333500586723,745.8058878094822,1558.6392378681544
2269,9,114.247,5.52972,-802.852,-113.529,-22.6726,-735.66,810.9588699288506,744.7137142766742,1555.6725842055248
2270,0,113.857,5.63038,-801.757,-113.25,-22.5952,-734.661,809.8206003041317,743.6819820891453,1553.502582393277
2270,1,114.001,5.10981,-798.969,-113.32,-22.1912,-732.868,807.0773204100312,741.9092782688731,1548.9865986789043
2270,2,113.568,4.88688,-797.827,-113.148,-22.0527,-731.743,805.8842932761095,740.767581317035,1546.6518745931444
2270,3,113.222,4.93065,-795.622,-113.046,-21.844,-729.539,803.652847613584,738.5686907613942,1542.221538374978
2270,4,113.31,5.07475,-794.849,-113.23,-21.9385,-729.295,802.9008917597256,738.3586714512466,1541.2595632109721
2270,5,112.799,4.89813,-792.411,-112.742,-21.8983,-728.226,800.4141421785955,737.226831567388,1537.6409737459835
2270,6,112.575,4.93064,-791.593,-113.038,-21.6235,-726.245,799.5729607014043,735.3073950541025,1534.8803557555068
2270,7,112.353,4.7431,-789.435,-112.914,-21.7711,-725.505,797.4041088630092,734.5618130669535,1531.9659219299629
2270,8,111.852,4.97408,-787.968,-112.812,-21.6108,-724.197,795.8826423536616,733.2495269890326,1529.1321693426942
2270,9,111.772,4.68703,-786.805,-112.734,-21.4433,-723.833,794.7182244413556,732.8731007206432,1527.5913251619986
2271,0,111.839,4.63139,-785.247,-112.657,-21.3549,-721.892,793.1848855741845,730.9416468275768,1524.1265324017613
2271,1,111.584,4.36549,-783.477,-112.383,-21.4734,-719.896,791.3951327168622,728.931612987501,1520.3267457043632
2271,2,111.272,4.45317,-782.246,-112.464,-21.629,-719.728,790.1329592056319,728.7827926899756,1518.9157518956076
2271,3,111.026,4.5423,-781.661,-112.292,-22.1138,-717.566,789.5196793533964,726.63572563592,1516.1554049893166
2271,4,110.793,4.48737,-779.921,-112.452,-22.199,-716.203,787.7639186834574,725.3171617396075,1513.081080423065
2271,5,110.493,4.40954,-777.551,-112.358,-21.6745,-715.068,785.3748816285199,724.1659676747106,1509.5408493032305
2271,6,110.58,4.13362,-776.5,-112.136,-22.1004,-712.84,784.3451237907356,721.9444409206016,1506.289564711337
2271,7,110.27,4.1542,-776.105,-111.903,-22.3959,-711.227,783.9105186835038,720.3247207161572,1504.2352393996612
2271,8,109.88,4.09877,-773.414,-111.801,-22.3674,-710.725,781.1911607996552,719.812329575397,1501.0034903750523
2271,9,109.823,3.82184,-772.963,-111.789,-22.3538,-708.897,780.7352285884027,718.0051737309698,1498.7404023193726
2272,0,109.889,3.64422,-771.155,-111.461,-22.5512,-707.745,778.9537256380563,716.822918277199,1495.7766439152554
2272,1,109.901,3.75449,-770.848,-111.531,-23.0469,-707.456,778.6520179773248,716.5642438027521,1495.2162617800768
2272,2,109.434,3.77674,-769.455,-111.621,-23.1978,-704.696,777.2072189230023,713.8584159214207,1491.0656348444231
2272,3,109.355,3.17999,-768.525,-111.371,-23.4726,-704.051,776.2726994983142,713.1916104335215,1489.4643099318357
2272,4,109.555,3.14398,-766.737,-111.453,-23.3898,-702.524,774.530702944848,711.6943336356136,1486.2250365804616
2272,5,109.322,3.28927,-764.646,-110.953,-23.5628,-700.739,772.4283942846306,709.8597888835795,1482.2881831682103
2272,6,109.144,3.17934,-764.058,-111.183,-24.1248,-698.41,771.8206710777029,707.6158516907602,1479.436522768463
2272,7,109.187,2.82396,-764.01,-110.785,-24.2214,-698.436,771.7778539314804,707.582389929936,1479.3602438614164
2272,8,108.865,2.76828,-762.062,-110.503,-24.485,-695.917,769.803704487812,705.0609187318497,1474.8646232196616
2272,9,108.475,3.03397,-761.037,-110.401,-24.5329,-695.023,768.7348996682543,704.1641957046737,1472.899095372928
2273,0,108.885,2.48134,-759.665,-110.388,-24.9269,-693.171,767.4327413514461,702.3481302948062,1469.7808716462523
2273,1,109.031,2.18146,-758.618,-110.192,-25.2634,-691.609,766.4161974102137,700.7877889379638,1467.2039863481775
2273,2,108.709,2.3463,-757.222,-110.089,-25.2458,-689.603,764.9890908298562,698.7912677957846,1463.780358625641
2273,3,108.785,2.24779,-756.315,-110.208,-25.4958,-689.407,764.1018309164585,698.6256871391432,1462.7275180556016
2273,4,108.541,2.0928,-754.806,-110.036,-25.6765,-687.794,762.5730300298064,697.0134793418632,1459.5865093716698
2273,5,108.429,1.93782,-753.873,-109.803,-26.029,-686.805,761.6331816014534,696.0138760649818,1457.647057666435
2273,6,108.617,1.84903,-753.057,-109.766,-26.1566,-685.448,760.8520991953304,694.6738106360135,1455.525909831344
2273,7,108.384,1.90425,-751.966,-109.439,-26.2997,-683.58,759.7391544339824,692.7843714613444,1452.5235258953269
2273,8,108.339,1.84875,-750.413,-109.312,-26.5208,-682.453,758.195507350553,691.660728526378,1449.856235876931
2273,9,108.605,1.83766,-749.615,-108.972,-27.0175,-681.753,757.4437743121767,690.9355940312021,1448.3793683433787
2274,0,108.518,1.57298,-748.965,-109.435,-26.8411,-680.422,756.787421813471,689.6887428095446,1446.4761646230156
2274,1,108.361,1.39402,-748.314,-109.205,-26.8578,-679.099,756.120289510049,688.3476775923923,1444.4679671024414
2274,2,108.205,1.23881,-745.716,-108.751,-27.3283,-678.076,753.5265153471483,687.285004752679,1440.8115200998272
2274,3,108.449,0.950793,-745.565,-108.874,-27.6115,-677.922,753.4117458822426,687.163867568901,1440.5756134511435
2274,4,108.028,0.772719,-745.472,-108.845,-27.3856,-674.918,753.2590183082131,684.1867521637349,1437.445770471948
2274,5,107.815,0.816193,-743.923,-108.833,-27.3373,-674.628,751.6955303345984,683.8968403526148,1435.5923706872131
2274,6,107.859,0.628669,-742.687,-108.636,-27.4037,-674.405,750.4784734252619,683.6481897106801,1434.126663135942
2274,7,107.604,0.329967,-741.271,-108.534,-27.2854,-673.399,749.040336120306,682.6348477847876,1431.6751839050935
2274,8,107.692,0.0844854,-740.501,-108.39,-27.5232,-672.81,748.2909227050551,682.040478812101,1430.331401517156
2274,9,107.649,0.116348,-739.294,-108.497,-27.5724,-672.187,747.0903152724288,681.4449348404903,1428.5352501129191
2275,0,107.237,-0.137606,-737.851,-108.653,-27.5075,-672.085,745.6030386911062,681.3665564072323,1426.9695950983387
2275,1,107.035,-0.382216,-737.359,-108.284,-27.4958,-671.401,745.0871977125031,680.6326075605252,1425.7198052730282
2275,2,106.946,-0.548999,-735.366,-108.734,-27.4301,-670.864,743.1022152247307,680.1720367951111,1423.2742520198417
2275,3,107.135,-0.903831,-734.477,-108.505,-27.4191,-669.559,742.250084987854,678.8478449187343,1421.0979299065884
2275,4,106.703,-0.961482,-733.55,-108.247,-27.4203,-670.285,741.2705694661271,679.5228230796151,1420.7933925457423
2275,5,106.623,-0.960922,-733.269,-108.668,-27.4867,-669.37,740.9809807687982,678.6902458418641,1419.6712266106624
2275,6,106.089,-1.29251,-731.993,-108.688,-27.3022,-669.166,739.642007022384,678.4848023536268,1418.126809376011
2275,7,106.133,-1.81377,-731.083,-109.003,-27.5279,-668.074,738.7488452374141,677.4675702669538,1416.216415504368
2275,8,106.088,-1.69444,-729.854,-108.934,-27.1857,-668.414,737.5258613682057,677.7779533420145,1415.3038147102202
2275,9,105.544,-1.9251,-729.384,-109.302,-26.9815,-667.97,736.9832164995415,677.3912085687634,1414.3744250683048
2276,0,105.652,-2.50133,-728.644,-109.375,-26.8258,-667.595,736.2680765127393,677.0270291470201,1413.2951056597594
2276,1,105.42,-2.4603,-727.83,-109.571,-26.5389,-667.271,735.4290845323497,676.7279399398328,1412.1570244721825
2276,2,105.308,-2.50369,-726.875,-109.543,-26.6212,-666.4,734.4680448818832,675.8678251984185,1410.3358700803017
2276,3,105.431,-2.6473,-725.621,-109.792,-26.9094,-666.382,733.245211098777,675.9018930261699,1409.147104124947
2276,4,105.187,-3.06879,-724.595,-109.906,-26.5658,-664.907,732.1964466357811,674.4526589870042,1406.649105622785
2276,5,105.074,-3.13571,-724.873,-109.853,-26.231,-664.762,732.4556261523317,674.2879678698115,1406.743594022143
2276,6,105.329,-3.33409,-723.969,-109.971,-26.1165,-664.105,731.5985424794995,673.6550626531726,1405.2536051326722
2276,7,105.043,-3.23675,-723.11,-110.323,-25.8421,-663.703,730.7069046475218,673.3057631347068,1404.0126677822286
2276,8,105.185,-3.54531,-722.294,-110.319,-25.9242,-663.106,729.9212806077078,672.7197879820691,1402.6410685897768
2276,9,105.418,-3.73491,-722.452,-110.11,-25.4905,-662.594,730.1121808192959,672.1642556148386,1402.2764364341344
2277,0,105.586,-3.55809,-721.669,-110.204,-25.3383,-662.789,729.3608222008145,672.3661276297981,1401.7269498306127
2277,1,105.475,-3.52335,-721.109,-110.359,-25.6542,-662.295,728.7904908142136,671.9165974164055,1400.707088230619
2277,2,105.585,-3.52295,-720.897,-110.252,-25.4545,-662.056,728.5966566013755,671.6558510206324,1400.252507622008
2277,3,105.542,-3.4568,-720.455,-110.424,-25.2097,-661.348,728.1527794736762,670.9770233428936,1399.1298028165697
2277,4,105.597,-4.04124,-720.106,-110.395,-25.4998,-661.766,727.8184590031622,671.3952148928677,1399.2136738960298
2277,5,105.875,-3.74615,-719.921,-110.579,-25.7578,-660.913,727.6742372145811,670.5946413973497,1398.2688786119309
2277,6,105.786,-3.87609,-719.201,-110.42,-25.3365,-660.596,726.9496408078679,670.2399494570956,1397.1895902649635
2277,7,105.83,-3.71144,-718.527,-110.447,-25.3814,-660.299,726.2883817161567,669.9533750015444,1396.241756717701
2277,8,105.841,-3.54425,-718.293,-110.46,-25.2095,-659.838,726.0576511807188,669.4946726705523,1395.552323851271
2277,9,105.841,-3.9849,-718.269,-110.329,-25.4344,-659.351,726.0361926722455,669.0015980140556,1395.0377906863012
2278,0,106.174,-3.60072,-718.687,-110.5,-25.3524,-659.137,726.4963093020627,668.8158034576934,1395.312112759756
2278,1,106.032,-3.71909,-717.507,-110.472,-25.2627,-658.565,725.3088388427567,668.2440617171918,1393.5529005599485
2278,2,106.33,-3.88589,-718.678,-110.264,-25.1186,-658.735,726.5116907009083,668.3718231545672,1394.8835138554755
2278,3,105.855,-4.17274,-718.364,-110.553,-25.2255,-658.378,726.1332723957137,668.0717645157966,1394.2050369115104
2278,4,106.361,-4.15196,-718.408,-110.222,-25.0538,-657.757,726.2506148409389,667.3985714904101,1393.649186331349
2278,5,106.598,-4.0734,-718.016,-110.605,-25.3447,-657.517,725.8971707119128,667.2364087278887,1393.1335794398015
2278,6,106.687,-4.26067,-717.943,-110.365,-25.013,-657.627,725.8391147677623,667.2925554230318,1393.131670190794
2278,7,106.831,-4.16194,-718.081,-110.303,-25.1346,-657.925,725.9962168403935,667.5805610944344,1393.576777934828
2278,8,106.654,-4.33741,-717.688,-110.368,-24.7798,-657.021,725.5824930257813,666.6871292840742,1392.2696223098555
2278,9,107.019,-4.4375,-717.618,-110.576,-24.7047,-655.888,725.567606561408,665.602315592494,1391.169922153902
2279,0,107.221,-4.51527,-717.895,-110.417,-25.1631,-655.707,725.8718630234766,665.414731832419,1391.2865948558956
2279,1,107.443,-4.39332,-717.944,-110.51,-25.4466,-655.572,725.9523997106301,665.3079262533703,1391.2603259640005
2279,2,107.411,-4.50229,-718.222,-110.796,-25.2872,-654.592,726.2232678868421,664.3838367719673,1390.6071046588095
2279,3,107.996,-4.39276,-717.437,-110.781,-25.2504,-654.547,725.5331014677537,664.335598828002,1389.8687002957558
2279,4,107.835,-4.10394,-717.984,-110.637,-25.3162,-653.346,726.0483825507248,663.1307951433413,1389.179177694066
2279,5,108.121,-4.45544,-717.967,-110.743,-25.2634,-653.387,726.0761769095537,663.1868689875878,1389.2630458971416
2279,6,108.443,-4.32527,-718.222,-110.506,-25.4467,-652.62,726.3755457706246,662.3986526079971,1388.7741983786218
2279,7,108.623,-4.15798,-717.577,-110.718,-25.8771,-653.147,725.763732805436,662.9699114118303,1388.7336442172664
2279,8,108.911,-3.93515,-718.563,-110.832,-25.3614,-652.595,726.7804870079565,662.4252160500535,1389.20570305801
2279,9,108.824,-4.03322,-717.923,-110.976,-25.8392,-652.328,726.1352241618418,662.2047692493916,1388.3399934112335
2280,0,109.067,-3.79045,-717.781,-110.934,-25.8198,-651.213,726.0299869572898,661.0986203260751,1387.128607283365
2280,1,109.179,-3.81067,-718.194,-111.053,-25.7948,-650.733,726.4552270325054,660.6448197065046,1387.10004673901
2280,2,109.522,-3.95492,-718.269,-110.816,-26.1884,-650.818,726.5817684453735,660.7042358533506,1387.286004298724
2280,3,109.846,-4.04298,-717.853,-111.093,-26.0005,-649.892,726.2199522267894,659.8312604850198,1386.051212711809
2280,4,109.957,-3.72283,-718.333,-111.155,-26.1476,-648.62,726.709501934032,658.5947429267561,1385.304244860788
2280,5,110.501,-3.93031,-717.874,-111.285,-26.0537,-648.684,726.3394510927354,658.6760040905467,1385.015455183282
2280,6,110.46,-3.57895,-718.056,-110.787,-26.1605,-648.737,726.5112797604057,658.6484846245758,1385.1597643849814
2280,7,110.635,-3.97227,-717.134,-111.275,-26.3817,-648.599,725.628731590717,658.6036611809033,1384.2323927716202
2280,8,110.537,-4.11871,-717.24,-111.191,-26.5489,-648.3,725.719373960117,658.3017336846456,1384.0211076447627
2280,9,110.846,-4.19586,-717.428,-111.415,-26.7715,-647.84,725.9527368507812,657.8956460087345,1383.8483828595158
2281,0,111.102,-3.87693,-717.59,-111.269,-26.8087,-647.9,726.1501863183848,657.9315365269323,1384.081722845317
2281,1,111.27,-3.95042,-716.093,-111.493,-26.6778,-647.244,724.6970424716637,657.318179877782,1382.0152223494456
2281,2,111.226,-3.97356,-716.52,-111.803,-26.8494,-647.797,725.1123517463163,657.9223011103667,1383.034652856683
2281,3,111.612,-4.23795,-716.636,-111.331,-26.756,-647.925,725.2877741008754,657.9644980711345,1383.2522721720097
2281,4,111.881,-4.41632,-716.36,-111.427,-27.0588,-647.245,725.0575919493172,657.3235466735084,1382.3811386228256
2281,5,111.916,-4.5717,-714.926,-111.856,-26.7935,-647.116,723.6472047710058,657.2585289170845,1380.9057336880903
2281,6,112.114,-4.52811,-714.962,-111.865,-27.124,-646.979,723.7131436005374,657.1387342426256,1380.851877843163
2281,7,112.48,-4.51648,-715.565,-111.918,-27.2007,-647.089,724.3655280427075,657.259226428576,1381.6247544712835
2281,8,112.604,-4.31785,-715.66,-112.061,-27.2657,-646.161,724.4774256280333,656.3727020820488,1380.8501277100822
2281,9,112.749,-4.74577,-714.968,-112.216,-26.9499,-645.98,723.8191074832805,656.2079610657051,1380.0270685489857
2282,0,113.103,-4.95809,-714.71,-112.307,-26.9543,-646.524,723.6209334765324,656.759224612407,1380.3801580889394
2282,1,112.961,-4.78245,-714.823,-112.058,-27.1631,-647.31,723.7091823916583,657.4990992127746,1381.2082816044328
2282,2,113.126,-4.88007,-714.846,-112.334,-27.2009,-646.895,723.7583233892408,657.1392223431881,1380.8975457324289
2282,3,113.227,-5.1674,-713.46,-112.396,-26.9403,-647.335,722.4072446700408,657.5722339067321,1379.9794785767729
2282,4,113.504,-4.88368,-713.495,-112.201,-26.8249,-645.941,722.4833031782413,656.161881811196,1378.6451849894374
2282,5,113.683,-5.02364,-713.822,-112.685,-26.8124,-646.064,722.835326427707,656.3653754691513,1379.2007018968584
2282,6,113.972,-4.99152,-713.316,-112.654,-26.812,-646.005,722.380957606103,656.3019633408086,1378.6829209469115
2282,7,113.951,-4.84693,-713.078,-113.021,-26.7481,-645.978,722.1416462269884,656.3358772599667,1378.477523486955
2282,8,114.271,-5.28677,-713.333,-113.226,-26.5395,-647.068,722.4470778313336,657.4355244130408,1379.8826022443743
2282,9,114.462,-5.36774,-713.518,-113.055,-26.4377,-647.277,722.6605692859599,657.6077096075517,1380.2682788935117
2283,0,114.153,-5.23549,-713.542,-112.953,-26.4245,-646.595,722.6344190035098,656.9183575104672,1379.552776513977
2283,1,114.427,-5.41055,-713.265,-113.266,-26.0981,-646.874,722.4055458018734,657.2338012120268,1379.6393470139
2283,2,114.352,-5.64376,-713.91,-113.394,-26.1018,-647.223,723.0323091196808,657.599509525547,1380.6318186452277
2283,3,114.794,-5.74413,-713.063,-113.341,-26.0479,-647.004,722.2669170289173,657.3726883522087,1379.6396053811259
2283,4,114.942,-5.75528,-712.06,-114.046,-25.7742,-646.543,721.3003744709123,657.0301746119732,1378.3305490828855
2283,5,114.82,-5.88643,-712.609,-113.922,-25.6591,-646.465,721.8239877831332,656.9273991255122,1378.7513869086456
2283,6,114.93,-5.90975,-712.454,-114.264,-25.4525,-647.01,721.6886670587688,657.5150428334321,1379.203709892201
2283,7,115.085,-5.97642,-712.128,-114.142,-25.3489,-647.386,721.392100875118,657.8598603739325,1379.2519612490505
2283,8,114.976,-5.92115,-712.356,-114.235,-25.2728,-647.302,721.5993426613708,657.7904140749089,1379.3897567362797
2283,9,115.35,-5.84348,-712.266,-114.26,-25.4552,-646.459,721.5695555623937,656.9722623429698,1378.5418179053636
2284,0,115.155,-6.03039,-712.934,-114.521,-25.2324,-647.12,722.1993685849857,657.6595075346817,1379.8588761196675
2284,1,115.308,-6.06385,-713.056,-114.832,-24.6602,-646.868,722.3444914144653,657.4440836390879,1379.7885750535534
2284,2,115.342,-6.19648,-712.501,-114.556,-24.7567,-647.334,721.8031922410639,657.8580993549368,1379.6612915960009
2284,3,115.275,-6.35198,-712.127,-114.558,-24.2712,-647.302,721.4246581618349,657.8088671623697,1379.2335253242045
2284,4,115.463,-6.44043,-712.493,-114.962,-24.0402,-646.459,721.8167763058607,657.0414228502187,1378.8581991560795
2284,5,115.896,-6.45188,-712.844,-115.102,-24.0151,-646.167,722.232703432581,656.7777305306644,1379.0104339632453
2284,6,115.966,-6.45222,-713.03,-114.984,-24.0156,-646.956,722.4275224539333,657.5333719556445,1379.9608944095778
2284,7,115.899,-6.64934,-712.779,-115.22,-23.5594,-646.841,722.1708210419717,657.4450342114997,1379.6158552534714
2284,8,116.087,-6.48588,-712.176,-115.205,-23.3407,-646.654,721.6044021376078,657.2506188795032,1378.855021017111
2284,9,116.454,-6.45143,-712.356,-115.126,-23.2499,-646.49,721.8408590548507,657.0721983359288,1378.9130573907796
2285,0,116.447,-6.64923,-713.374,-115.505,-22.8458,-647.553,722.8461661685651,658.1703604779236,1381.0165266464887
2285,1,116.368,-6.94863,-713.407,-115.385,-22.6399,-646.946,722.8688280261343,657.5449720080064,1380.4138000341409
2285,2,116.489,-6.92923,-712.554,-115.608,-22.8115,-647.333,722.046331107217,657.9708102076033,1380.0171413148205
2285,3,116.712,-6.65267,-712.822,-115.658,-22.3262,-646.349,722.3442064875504,656.994872104372,1379.3390785919223
2285,4,116.613,-6.93695,-713.588,-115.788,-22.2271,-645.461,723.0868182924527,656.1408442090844,1379.227662501537
2285,5,116.59,-7.06104,-712.878,-115.943,-22.358,-646.418,722.3836441046278,657.1140617404257,1379.4977058450536
2285,6,116.856,-6.87393,-713.838,-116.099,-21.9911,-646.355,723.3721489618223,657.0672509760398,1380.4393999378622
2285,7,116.837,-6.97008,-713.341,-116.124,-21.4588,-645.623,722.8795534978192,656.3340015589929,1379.213555056812
2285,8,117.024,-6.99283,-713.081,-115.993,-21.3713,-645.627,722.6534638458526,656.3119164251781,1378.9653802710307
2285,9,117.257,-7.05899,-713.75,-116.229,-21.1744,-645.653,723.351986164979,656.3728605490633,1379.7248467140423
2286,0,117.425,-6.93854,-714.29,-116.279,-20.4187,-645.79,723.9108909681713,656.4925386100667,1380.403429578238
2286,1,117.648,-7.04705,-714.914,-116.539,-20.347,-645.679,724.5638275636609,656.4272312838643,1380.9910588475252
2286,2,117.616,-6.74017,-714.873,-116.329,-20.5559,-645.789,724.5152582773043,656.5046944133835,1381.0199526906877
2286,3,118.201,-7.01208,-714.296,-116.539,-20.4631,-646.222,724.0437979037777,656.964953606058,1381.0087515098357
2286,4,118.174,-7.13513,-714.476,-116.785,-19.9164,-646.03,724.2181708105071,656.8029842456259,1381.021155056133
2286,5,117.82,-6.88306,-714.386,-116.757,-19.9456,-645.161,724.069254913481,655.9441591548475,1380.0134140683285
2286,6,118.226,-6.30657,-714.642,-116.549,-19.6435,-645.14,724.3827358966839,655.8773941014052,1380.2601299980893
2286,7,118.108,-6.47823,-715.519,-116.837,-19.4512,-644.894,725.2302437770593,655.6809475548607,1380.91119133192
2286,8,118.14,-6.19467,-716.081,-116.965,-19.1642,-645.929,725.7874565583294,656.7132942370208,1382.50075079535
2286,9,118.152,-6.00362,-716.708,-117.043,-19.1796,-646.14,726.4064260598913,656.9351722241397,1383.341598284031
2287,0,118.218,-5.71572,-716.53,-116.99,-18.8661,-646.003,726.2392208350623,656.7819012718073,1383.0211221068696
2287,1,118.43,-5.27318,-718.005,-117.108,-18.9975,-646.521,727.7256703953162,657.3162040534601,1385.0418744487763
2287,2,118.067,-5.26878,-717.444,-117.132,-18.6437,-646.626,727.1131065162341,657.4136269120758,1384.5267334283099
2287,3,118.263,-4.81768,-717.848,-117.589,-18.5696,-646.626,727.5404444521159,657.4931078278768,1385.0335522799928
2287,4,118.111,-4.73491,-718.5,-117.351,-18.4402,-646.354,728.1585525788378,657.1794210815187,1385.3379736603565
2287,5,118.209,-4.4048,-718.877,-117.418,-18.5448,-646.846,728.5443782454436,657.6782222690972,1386.2226005145408
2287,6,118.1,-4.41197,-719.065,-117.574,-18.1132,-646.407,728.7122543942025,657.2623092337184,1385.9745636279208
2287,7,118.144,-4.29187,-719.782,-117.533,-17.9585,-647.526,729.4261802321719,658.3513002092803,1387.777480441452
2287,8,118.553,-3.60745,-721.563,-117.456,-18.0112,-648.034,731.2461900574269,658.8386603846499,1390.084850442077
2287,9,118.094,-3.3581,-721.583,-117.638,-17.3717,-647.541,731.1904646264269,658.3690619142808,1389.5595265407078
2288,0,118.198,-3.334,-721.531,-117.871,-17.2456,-647.979,731.155842978089,658.8381954633171,1389.9940384414062
2288,1,118.566,-3.00302,-721.948,-117.518,-17.3761,-648.765,731.6254705716036,659.5516919849497,1391.1771625565534
2288,2,118.425,-2.68143,-723.131,-117.768,-17.0748,-648.49,732.7687997266565,659.3179284071077,1392.0867281337642
2288,3,118.457,-2.30334,-722.774,-117.766,-16.5556,-648.819,732.420385639392,659.6279355882072,1392.048321227599
2288,4,118.8,-2.04611,-723.921,-117.688,-16.7929,-649.711,733.6070070597283,660.497426456311,1394.1044335160393
2288,5,118.859,-1.41715,-724.831,-118.001,-16.8563,-649.19,734.5130691527023,660.0424432948915,1394.5555124475939
2288,6,118.924,-1.31088,-725.23,-118.194,-16.7914,-650.01,734.9171307585465,660.8818145856035,1395.79894534415
2288,7,118.87,-0.518507,-725.558,-118.024,-16.1259,-650.736,735.2310909595085,661.5489784761292,1396.7800694356376
2288,8,119.389,-0.37799,-726.02,-118.246,-15.9999,-651.113,735.7709674874649,661.9563823130721,1397.727349800537
2288,9,119.947,-0.311849,-727.338,-118.361,-15.9341,-652.389,737.1620895724351,663.2304495307872,1400.3925391032221
2289,0,120.16,0.0312634,-727.836,-118.7,-15.9227,-652.082,737.6880570223434,662.9888061643952,1400.6768631867385
2289,1,120.317,0.486287,-726.78,-118.828,-15.7261,-651.841,736.6719659143047,662.770015228669,1399.4419811429736
2289,2,119.943,0.622496,-728.24,-118.71,-15.6879,-652.765,738.0516298676333,663.6567784114089,1401.7084082790423
2289,3,120.27,1.0303,-728.261,-118.75,-15.168,-653.356,738.1260180613402,664.2331619695,1402.3591800308402
2289,4,120.87,1.16721,-729.04,-119.414,-14.937,-654.251,738.992720450739,665.2271704959142,1404.219890946653
2289,5,120.832,1.37607,-728.498,-119.084,-14.715,-653.595,738.4521662211067,664.5178359577717,1402.9700021788785
2289,6,120.94,1.41213,-728.927,-119.386,-14.4814,-654.658,738.8931242339023,665.6123683541044,1404.5054925880067
2289,7,121.295,1.61067,-729.166,-119.397,-13.9881,-655.44,739.1874774634978,666.3729467427456,1405.5604242062434
2289,8,121.354,1.51442,-729.327,-119.254,-13.965,-656.36,739.3557734358584,667.2518170383652,1406.6075904742236
2289,9,121.42,1.62322,-729.49,-119.229,-13.781,-657.467,739.5276271669426,668.3324969586621,1407.8601241256047
2290,0,121.498,1.71221,-730.207,-118.838,-13.8082,-657.516,740.2479034189047,668.311624085082,1408.5595275039868
2290,1,121.774,2.1863,-729.499,-119.543,-13.3661,-658.304,739.5961587141256,669.2035100731391,1408.7996687872646
2290,2,121.821,2.33415,-729.628,-119.5,-13.2772,-659.14,739.7315882678139,670.0164726630533,1409.7480609308673
2290,3,122.218,2.0173,-729.677,-119.592,-12.9518,-659.544,739.8444656495648,670.4239580468765,1410.2684236964412
2290,4,122.157,1.95806,-729.953,-119.487,-12.7586,-660.682,740.1064442747162,671.5211315863113,1411.6275758610275
2290,5,122.266,2.3542,-729.176,-119.657,-12.929,-661.165,739.3592874845356,672.0298460001609,1411.3891334846965
2290,6,122.686,2.42455,-729.579,-119.891,-12.6415,-661.489,739.8265001199285,672.3848277022988,1412.2113278222273
2290,7,122.426,2.49059,-730.091,-120.253,-12.1874,-662.763,740.2885902102964,673.6943749926669,1413.9829652029634
2290,8,122.896,2.30478,-730.028,-120.252,-12.5682,-663.543,740.3037347000544,674.4685433763683,1414.7722780764227
2290,9,122.99,2.33526,-730.003,-119.914,-12.2662,-663.377,740.2947882757703,674.2394761414077,1414.534264417178
2291,0,122.859,2.41208,-730.28,-120.696,-11.9942,-663.597,740.5464404147293,674.5905155415691,1415.1369559562984
2291,1,122.901,1.96413,-730.467,-120.341,-11.6958,-664.462,740.7364927534331,675.3728581033146,1416.1093508567478
2291,2,122.979,2.07926,-730.628,-120.824,-11.6464,-665.163,740.9085180689635,676.1478345583605,1417.056352627324
2291,3,123.322,2.11552,-730.514,-121.003,-11.5808,-665.405,740.8532211611625,676.4167760801324,1417.269997241295
2291,4,123.381,1.85106,-730.628,-121.081,-11.6334,-665.431,740.9747444873702,676.4572124809965,1417.4319569683666
2291,5,123.579,1.60619,-730.101,-121.353,-11.1253,-665.974,740.4875551204868,677.0315292400273,1417.5190843605142
2291,6,123.813,1.30725,-730.003,-121.274,-11.2851,-665.807,740.429434774552,676.8557437201889,1417.2851784947409
2291,7,123.782,1.7219,-730.14,-121.379,-11.3358,-667.383,740.5601718048372,678.4257001998377,1418.985872004675
2291,8,123.902,1.40914,-730.441,-121.599,-11.4651,-667.159,740.8763363480707,678.2469289278131,1419.1232652758838
2291,9,124.323,1.27298,-731.317,-121.962,-11.5566,-667.731,741.8102070584365,678.8762573610599,1420.6864644194964
2292,0,124.526,1.59057,-730.639,-121.895,-11.6345,-668.677,741.1764991619236,679.7960598181267,1420.9725589800503
2292,1,124.55,1.51743,-730.627,-121.87,-11.5178,-668.836,741.1685491322502,679.9459916146576,1421.1145407469078
2292,2,125.012,1.49443,-730.514,-122.26,-11.2969,-667.75,741.134898423374,678.9441729992312,1420.0790714226052
2292,3,125.426,1.49522,-730.35,-122.467,-11.585,-669.301,741.04321038577,680.5117243038507,1421.5549346896205
2292,4,125.419,1.16643,-729.499,-122.362,-11.3225,-669.512,740.202727042359,680.6959498882375,1420.8986769305966
2292,5,125.473,1.10647,-731.006,-122.402,-11.5191,-669.62,741.6970203801959,680.812664151314,1422.50968453151
2292,6,125.551,0.975536,-730.061,-122.349,-11.3745,-670.46,740.7786909681511,681.6269277627242,1422.4056187308752
2292,7,125.694,1.28163,-731.493,-122.596,-11.5318,-670.348,742.2146813829925,681.5637921216472,1423.7784735046398
2292,8,125.917,1.07724,-732.067,-122.907,-11.6355,-670.429,742.8178402704243,681.7012245480053,1424.5190648184296
2292,9,126.152,1.09636,-731.841,-122.633,-11.9084,-671.133,742.6350236759977,682.3490062779897,1424.9840299539874
2293,0,126.187,0.91014,-731.379,-122.764,-11.6988,-672.215,742.1854410892331,683.4331480418842,1425.6185891311175
2293,1,126.12,0.809223,-731.581,-122.802,-11.4526,-672.673,742.3729984333104,683.8862903873421,1426.2592888206525
2293,2,126.505,0.533683,-732.043,-122.802,-11.5451,-672.862,742.8935009081346,684.0737471808211,1426.9672480889558
2293,3,126.973,0.881182,-731.289,-122.997,-11.2448,-672.752,742.2307732314237,683.9955855413396,1426.2263587727632
2293,4,126.978,0.953092,-731.141,-123.165,-11.5721,-674.354,742.0858998454022,685.6069194804047,1427.6928193258068
2293,5,126.967,0.689831,-732.519,-123.256,-11.519,-674.942,743.441443771336,686.2007230111318,1429.642166782468
2293,6,126.901,0.577146,-732.493,-123.203,-11.8194,-674.724,743.4044605378053,685.981890140957,1429.3863506787625
2293,7,126.955,0.499378,-732.581,-123.19,-11.4268,-675.213,743.50033151599,686.4538900954965,1429.9542216114864
2293,8,127.296,0.620216,-733.433,-123.255,-11.4026,-675.998,744.3981607801611,687.2373027679449,1431.6354635481061
2293,9,127.356,0.577733,-732.757,-123.268,-11.3497,-676.674,743.7423650434465,687.9037125863547,1431.6460776298013
2294,0,127.489,0.500791,-732.744,-123.398,-11.2084,-677.051,743.7522876930368,688.2955406186793,1432.047828311716
2294,1,127.579,0.357074,-733.874,-123.619,-11.3124,-676.834,744.880914387556,688.1234563003648,1433.0043706879208
2294,2,127.392,0.333311,-734.624,-123.592,-11.4671,-677.458,745.5878580933455,688.7349407503658,1434.3227988437113
2294,3,127.95,0.201973,-733.754,-123.904,-11.2331,-678.267,744.8262722333932,689.5828500192055,1434.4091222525985
2294,4,127.926,0.375656,-733.997,-123.837,-11.4429,-679.62,745.0616072530045,690.9051215104791,1435.9667287634836
2294,5,127.703,0.806862,-735.176,-123.617,-11.4946,-680.266,746.185270701109,691.5020746709007,1437.6873453720095
2294,6,127.932,0.746828,-735.787,-123.838,-11.3641,-679.804,746.826394649427,691.0849958064565,1437.9113904558835
2294,7,128.046,0.723161,-735.722,-123.889,-11.5343,-680.51,746.7818706702994,691.7914313559326,1438.5733020262319
2294,8,128.255,0.459866,-735.975,-123.759,-11.508,-680.535,747.0667688545235,691.7923173684426,1438.8590862229662
2294,9,128.291,0.675674,-735.885,-123.993,-11.3651,-681.456,746.9844512714801,692.7378360411751,1439.7222873126552
2295,0,128.688,0.656504,-736.138,-124.044,-11.4691,-682.456,747.3019385666694,693.7324023907273,1441.0343409573966
2295,1,128.628,0.711133,-736.189,-124.239,-11.4947,-682.886,747.3418975376288,694.1907131654024,1441.5326107030312
2295,2,128.868,0.789142,-736.875,-124.342,-11.56,-684.16,748.0590550177815,695.46349448695,1443.5225495047316
2295,3,128.454,0.472499,-737.827,-124.68,-11.2482,-684.535,748.9254537671322,695.8877715754459,1444.813225342578
2295,4,128.568,0.743059,-737.702,-124.289,-11.3134,-684.155,748.8220907296188,695.4450464023452,1444.2671371319639
2295,5,128.67,0.538741,-736.828,-124.2,-11.5343,-684.753,747.9784493726173,696.0210852305338,1443.999534603151
2295,6,129.277,0.951861,-737.366,-124.524,-11.7034,-685.158,748.6134294309469,696.4802087005488,1445.0936381314957
2295,7,129.053,0.837885,-737.902,-124.783,-11.4689,-686.293,749.1026234530709,697.6391722124052,1446.7417956654763
2295,8,129.323,0.934163,-737.702,-124.432,-11.0921,-685.423,748.952302749321,696.7144653553635,1445.6667681046845
2295,9,129.252,1.02297,-737.517,-124.484,-11.4186,-686.292,748.7579390301121,697.5839447306396,1446.3418837607517
2296,0,129.227,0.77257,-737.354,-124.575,-11.3643,-686.776,748.5927702759391,698.0754630521617,1446.6682333281008
2296,1,129.36,0.987616,-737.329,-124.588,-11.0143,-687.642,748.5913699919091,698.9241766547284,1447.5155466466376
2296,2,129.515,1.16702,-738.567,-124.717,-11.21,-687.261,749.837789558302,698.5754621442125,1448.4132517025146
2296,3,129.34,1.19023,-737.968,-124.614,-11.1317,-687.966,749.217606087479,699.2494411130338,1448.4670472005128
2296,4,129.107,1.19078,-738.782,-124.653,-11.1056,-688.939,749.9792523330285,700.2132892778885,1450.192541610917
2296,5,129.071,1.25651,-737.714,-124.536,-11.0416,-689.507,748.921122451744,700.7503373353165,1449.6714597870605
2296,6,129.402,1.33501,-738.317,-124.251,-11.1586,-690.399,749.5723129523262,701.5793644028878,1451.151677355214
2296,7,129.131,1.28047,-737.917,-124.265,-10.795,-690.155,749.1314662016414,701.336043758625,1450.4675099602664
2296,8,129.204,1.20246,-737.819,-124.603,-10.9785,-691.562,749.0473925507328,702.7833484903083,1451.8307410410412
2296,9,129.36,1.12457,-737.818,-124.667,-10.7047,-692.127,749.07321096251,703.3464548997812,1452.4196658622911
2297,0,129.45,1.04702,-736.853,-124.731,-10.7709,-693.128,748.1381840007101,704.3438499992814,1452.4820339999915
2297,1,129.13,0.96919,-736.679,-124.485,-10.6671,-693.449,747.9113886485859,704.6146591211468,1452.5260477697327
2297,2,129.203,1.4833,-736.54,-124.499,-10.641,-694.018,747.7879291536404,705.1767269316252,1452.9646560852657
2297,3,129.293,1.31575,-736.93,-124.641,-10.577,-694.667,748.1873000439545,705.8395658356084,1454.0268658795628
2297,4,129.371,1.33426,-735.764,-124.926,-10.5,-695.316,747.0524075235603,706.5274908536823,1453.5798983772424
2297,5,128.987,1.08228,-735.54,-125.302,-10.6173,-695.423,746.764962420572,706.701115884424,1453.466078304996
2297,6,129.048,1.03466,-735.128,-125.625,-10.5787,-696.774,746.3696357766141,708.0872521057627,1454.4568878823768
2297,7,128.675,1.23179,-734.5,-125.548,-10.4351,-696.502,745.6869470036364,707.8038058812696,1453.490752884906
2297,8,128.999,0.939391,-734.674,-125.911,-10.0853,-697.343,745.913876216585,708.690731452084,1454.604607668669
2297,9,128.94,0.944972,-734.729,-125.663,-10.1515,-698.071,745.9578540461123,709.3640557303775,1455.3219097764897
2298,0,129.246,1.35126,-733.766,-125.599,-10.0474,-697.367,745.0630155735739,708.6584450472315,1453.7214606208054
2298,1,128.976,1.35809,-733.728,-125.794,-10.3468,-699.235,744.978812429218,710.5355528974184,1455.5143653266364
2298,2,129.048,1.28039,-733.889,-126.027,-10.3461,-699.907,745.1497098057223,711.2381142509238,1456.387824056646
2298,3,129.073,1.39919,-733.362,-126.26,-10.0746,-700.909,744.6352262051911,712.2615470781502,1456.8967732833412
2298,4,128.94,1.09452,-733.814,-126.104,-10.088,-700.961,745.0568489518301,712.2852729637192,1457.3421219155493
2298,5,129.379,1.29829,-733.917,-126.519,-9.90524,-700.663,745.2347107367747,712.0630665253308,1457.2977772621055
2298,6,129.001,1.74029,-733.228,-126.48,-9.99814,-701.691,744.4914953136026,713.069009763052,1457.5605050766546
2298,7,129.18,1.68128,-733.102,-126.713,-10.1534,-701.094,744.3983083715588,712.5251383190351,1456.923446690594
2298,8,129.229,1.39524,-733.378,-126.83,-9.91954,-701.61,744.6780324540651,713.0503756915157,1457.728408145581
2298,9,129.427,1.47891,-732.739,-127.037,-9.9975,-703.096,744.0833136314698,714.5504423000871,1458.6337559315568
2299,0,129.595,1.04166,-733.438,-127.011,-10.0237,-704.448,744.8001402554618,715.8765629539006,1460.6767032093624
2299,1,129.62,1.22115,-732.903,-126.739,-9.6987,-703.716,744.2779339845583,715.1035222670141,1459.3814562515724
2299,2,129.487,1.66446,-732.64,-127.011,-9.95959,-705.014,743.9966553661995,716.4326400646247,1460.4292954308244
2299,3,129.859,1.73586,-732.616,-126.752,-9.83009,-704.499,744.0380209014453,715.8781608447125,1459.9161817461577
2299,4,129.734,1.80195,-732.617,-126.622,-9.6611,-705.014,744.0173562954042,716.3596917284012,1460.3770480238054
2299,5,130.159,1.68295,-731.931,-126.933,-9.37668,-704.877,743.4158905772075,716.2761295379195,1459.692020115127
2299,6,129.914,1.72491,-732.629,-126.933,-9.39132,-705.23,744.0603969783018,716.62370619478,1460.684103173082
2299,7,130.052,1.86866,-733.055,-127.244,-9.27367,-706.526,744.5042965753761,717.9526622050153,1462.4569587803912
2299,8,129.89,1.69479,-733.383,-127.244,-9.24898,-707.174,744.7985694818058,718.5900398996916,1463.3886093814974
2299,9,130.053,1.9224,-733.02,-127.296,-8.79532,-707.391,744.470146366367,718.8071063580983,1463.2772527244651
2300,0,130.023,2.23335,-733.221,-127.179,-8.77004,-707.554,744.6636846404036,718.9465032661342,1463.6101879065377
2300,1,129.879,2.15034,-733.822,-126.959,-8.45856,-707.58,745.2301029125941,718.9294759002955,1464.1595788128898
2300,2,130.119,2.45529,-734.198,-127.374,-7.81059,-708.661,745.6431356982938,720.0594101274894,1465.702545825783
2300,3,129.903,2.77815,-733.976,-127.853,-7.50017,-709.823,745.388003728543,721.2845024593478,1466.6725061878908
2300,4,130.054,2.82654,-734.89,-127.671,-7.3972,-710.685,746.3145076603909,722.0995582562282,1468.4140659166192
2300,5,129.893,2.82727,-735.893,-127.943,-7.38527,-709.605,747.2741748204958,721.0847450105798,1468.3589198310756
2300,6,130.054,3.08975,-735.493,-128.073,-6.9968,-710.309,746.9093268396524,721.79673317371,1468.7060600133623
2300,7,129.827,3.13777,-736.356,-128.279,-6.65999,-711.848,747.7199036173724,723.3446152504351,1471.0645188678077
2300,8,130.108,3.07261,-737.497,-128.772,-6.4146,-712.388,748.8920867556367,723.9613509167185,1472.853437672355
2300,9,130.037,3.25817,-738.362,-129.25,-5.79325,-712.848,749.7324056520092,724.4938891043612,1474.2262947563704
2301,0,130.211,3.42567,-739.315,-129.781,-5.48236,-712.794,750.7018775525668,724.5332640177189,1475.2351415702856
2301,1,130.379,3.45073,-739.606,-130.519,-4.79484,-714.388,751.017727097392,726.2288994494957,1477.2466265468877
2301,2,130.536,3.71287,-741.007,-130.713,-4.5363,-714.306,752.4259476843132,726.1814704484617,1478.607418132775
2301,3,130.692,4.02518,-741.671,-131.179,-3.9266,-714.632,753.1085401049655,726.5825786877634,1479.691118792729
2301,4,130.585,4.13913,-742.709,-131.658,-3.61672,-715.658,754.1128783565208,727.6766332592784,1481.7895116157993
2301,5,130.495,4.21662,-743.439,-131.864,-3.31805,-715.712,754.8167139314182,727.7656153568968,1482.5823292883151
2301,6,130.681,4.49189,-743.265,-132.214,-2.74864,-716.497,754.6791113193555,728.5986877745866,1483.2777990939421
2301,7,130.849,4.67182,-744.454,-132.343,-2.64379,-717.874,755.8803111730801,729.9758483337406,1485.8561595068209
2301,8,130.609,5.22111,-745.507,-132.55,-2.32017,-718.252,756.8795531124038,730.3840230952679,1487.2635762076716
2301,9,130.891,5.44914,-746.211,-132.978,-2.38524,-718.144,757.6232596275934,730.3558328581059,1487.9790924856993
2302,0,130.82,5.80198,-746.175,-132.537,-2.21678,-719.873,757.5781583420421,731.975482247574,1489.553640589616
2302,1,130.862,6.12556,-747.663,-132.822,-2.17784,-720.901,759.0535864471715,733.0379788742637,1492.0915653214352
2302,2,130.676,5.97654,-748.491,-132.577,-2.11408,-721.441,759.8359777526803,733.5245372475596,1493.36051500024
2302,3,130.838,6.07185,-748.592,-132.512,-2.1013,-721.522,759.9640991983914,733.5924223229749,1493.5565215213664
2302,4,130.809,5.89866,-748.869,-132.318,-1.84134,-721.927,760.2306017464672,733.95506469129,1494.1856664377572
2302,5,130.863,6.32189,-749.744,-132.214,-2.04785,-723.899,761.1052204512673,735.8766864676599,1496.981906918927
2302,6,130.809,6.01269,-750.998,-132.266,-2.10014,-723.872,762.3287630189722,735.8596182207714,1498.1883812397436
2302,7,130.468,5.74357,-751.337,-132.084,-2.10023,-724.466,762.6022391714732,736.4112839833817,1499.013523154855
2302,8,130.408,5.90406,-751.915,-132.24,-2.09933,-724.196,763.1626770312366,736.1736691857764,1499.336346217013
2302,9,130.473,5.94059,-751.605,-132.214,-1.84013,-725.195,762.8686455501683,737.1510807829131,1500.0197263330815
2303,0,130.354,5.74298,-751.806,-131.942,-2.04763,-725.547,763.0448274978872,737.4492073096403,1500.4940348075274
2303,1,130.331,5.77236,-752.132,-132.084,-2.03505,-725.035,763.3623223116068,736.9708784677332,1500.3332007793401
2303,2,130.265,5.78447,-753.557,-132.058,-1.95744,-725.331,764.7552435695887,737.2572186803962,1502.012462249985
2303,3,130.449,5.52239,-753.809,-132.175,-1.94312,-724.602,765.0329711021036,736.5609715049627,1501.5939426070663
2303,4,130.749,5.21169,-754.358,-132.33,-1.68477,-725.52,765.622919509112,737.4912458802157,1503.1141653893278
2303,5,130.864,5.29486,-755.421,-132.357,-1.82772,-725.466,766.6904911888628,737.4433084416715,1504.1337996305342
2303,6,131.139,5.12148,-754.501,-132.486,-1.80178,-725.682,765.8298935660519,737.6788947307415,1503.5087882967932
2303,7,130.857,4.75757,-754.435,-132.577,-1.85377,-726.276,765.714279706409,738.2797068646902,1503.9939865710992
2303,8,130.797,4.49956,-755.009,-132.395,-1.86596,-725.844,766.2680283883659,737.822085714247,1504.090114102613
2303,9,131.126,4.26717,-755.525,-132.421,-1.73699,-725.601,766.8313127675532,737.5873843662595,1504.4186971338127
2304,0,131.121,4.09884,-755.604,-132.499,-2.03462,-725.709,766.907375076251,737.7083958858976,1504.6157709621486
2304,1,131.436,3.87819,-756.425,-132.577,-2.10058,-726.681,767.7690037235653,738.6787861623864,1506.4477898859518
2304,2,131.299,3.31663,-755.89,-132.331,-2.03571,-726.6,767.2158233089024,738.5548034345211,1505.7706267434235
2304,3,131.921,3.02338,-755.9,-132.668,-2.08722,-726.41,767.3311547615048,738.4284953950033,1505.759650156508
2304,4,131.844,3.18336,-755.653,-132.552,-2.03562,-727.868,767.0752443703874,739.8418762659927,1506.91712063638
2304,5,131.874,3.21962,-755.602,-132.578,-2.28282,-727.897,767.0303124602992,739.8757868454356,1506.9060993057349
2304,6,132.148,2.56357,-755.603,-132.332,-2.26927,-727.438,767.0759802028381,739.3801131044389,1506.4560933072771
2304,7,132.263,2.24576,-755.326,-132.539,-2.32193,-727.897,766.821955138856,739.8689211535548,1506.6908762924108
2304,8,132.143,1.61914,-755.003,-132.462,-2.26972,-728.681,766.4815223293642,740.6263111947067,1507.1078335240709
2304,9,132.25,1.77224,-754.54,-132.372,-2.19193,-728.816,766.044264344181,740.7428115055353,1506.7870758497163
2305,0,132.472,1.42737,-754.325,-132.423,-2.17936,-728.814,765.8701415998125,740.7499221296007,1506.6200637294132
2305,1,132.442,1.02696,-755.398,-132.113,-2.11486,-728.004,766.9211670144733,739.8973857352246,1506.818552749698
2305,2,132.561,1.03138,-754.502,-132.177,-1.84215,-729.46,766.0592343087475,741.3407073981723,1507.39994170692
2305,3,132.388,0.978038,-754.849,-132.139,-1.91894,-729.517,766.3710275730218,741.3902150289844,1507.7612426020062
2305,4,132.417,0.507229,-754.54,-132.125,-2.00958,-729.327,766.0712308723377,741.2010030793107,1507.2722339516483
2305,5,132.364,0.0289781,-755.561,-132.256,-1.89301,-729.975,767.0675681168709,741.8616674608954,1508.9292355777663
2305,6,132.614,-0.109927,-755.904,-132.282,-1.93232,-730.651,767.4485926079644,742.5315785780308,1509.9801711859952
2305,7,132.466,0.0749704,-755.927,-132.023,-2.07335,-731.434,767.4456828372682,743.256394298241,1510.7020771355092
2305,8,132.495,-0.019565,-756.34,-132.1,-1.97092,-730.895,767.8574874335662,742.7393860235543,1510.5968734571206
2305,9,132.507,-0.174943,-756.278,-131.804,-1.81454,-731.837,767.7985080332296,743.6134624523762,1511.4119704856057
2306,0,132.967,-0.460383,-756.526,-131.997,-1.78906,-730.572,768.122401520426,742.4027585675336,1510.5251600879596
2306,1,132.987,-0.247408,-756.992,-131.984,-1.33511,-730.544,768.5847327677791,742.3719382564997,1510.9566710242789
2306,2,133.107,-0.262892,-757.344,-131.778,-1.37282,-731.675,768.9521941559201,743.4484726890978,1512.400666845018
2306,3,133.526,-0.66758,-757.943,-131.544,-1.33447,-732.432,769.6149878920345,744.1520270550776,1513.767014947112
2306,4,133.27,-0.544486,-757.909,-131.57,-1.19187,-733.082,769.5370307178233,744.7961494114326,1514.3331801292559
2306,5,133.143,-0.507058,-758.569,-131.389,-0.971116,-733.998,770.1650753687908,745.6655258165591,1515.83060118535
2306,6,133.524,-0.376177,-758.148,-131.092,-0.737656,-734.431,769.8163352314209,746.0392418374347,1515.8555770688556
2306,7,133.73,-0.351214,-759.281,-131.363,-0.697465,-735.162,770.967880791589,746.8064611868501,1517.7743419784392
2306,8,134.017,0.239326,-759.647,-131.17,-0.438237,-735.703,771.3781032508858,747.3049345218243,1518.6830377727101
2306,9,134.264,0.217788,-758.85,-131.182,-0.192149,-735.919,770.636225224076,747.5195840954524,1518.1558093195285
2307,0,134.562,0.588045,-759.385,-131.066,-0.0888298,-736.889,771.2151812989173,748.4542087313915,1519.669390030309
2307,1,134.545,0.334149,-760.196,-131.234,-0.07361,-737.351,772.010639237928,748.9384923846765,1520.9491316226045
2307,2,134.666,0.470553,-761.012,-131.079,0.122212,-738.349,772.835310477029,749.8939691568222,1522.729279633851
2307,3,134.558,0.834605,-761.276,-131.039,0.225463,-738.136,773.0767750395208,749.6772804684456,1522.7540555079663
2307,4,135.192,0.634249,-761.441,-130.846,0.431939,-739.266,773.3496464192597,750.7563393294123,1524.105985748672
2307,5,135.248,0.97819,-761.603,-131.065,0.408027,-739.648,773.5193003207328,751.1706627757987,1524.6899630965315
2307,6,135.17,1.37961,-762.041,-131.182,0.718689,-739.27,773.9375413460392,750.8191303755377,1524.7566717215768
2307,7,135.355,1.63808,-762.391,-130.872,0.782562,-740.806,774.3149851398243,752.2776232371158,1526.59260837694
2307,8,135.325,1.47758,-762.443,-130.613,0.783538,-741.0,774.3606182630004,752.423663703367,1526.7842819663674
2307,9,135.512,1.70438,-763.13,-130.896,1.36574,-742.051,775.0701929213794,753.5086692684747,1528.5788621898541
2308,0,135.351,1.75354,-763.808,-131.092,1.54934,-741.865,775.7097582005345,753.359934655033,1529.0696928555676
2308,1,135.774,1.88449,-764.735,-130.86,1.43362,-742.323,776.6966915106309,753.7704101351447,1530.4671016457755
2308,2,135.269,2.03987,-765.847,-130.743,1.73081,-743.508,777.7039866424865,754.9177927537913,1532.6217793962778
2308,3,135.553,2.26122,-765.89,-130.729,1.92599,-744.267,777.7963878965294,755.6633828415137,1533.459770738043
2308,4,135.89,2.10241,-767.238,-130.859,2.21208,-744.107,779.1820460404668,755.5290852296332,1534.7111312701
2308,5,135.94,2.0659,-767.905,-130.627,2.00603,-745.13,779.8474469842226,756.4959710304879,1536.3434180147106
2308,6,135.809,1.80404,-769.079,-130.833,2.53693,-745.755,780.9800556239073,757.1487501989453,1538.1288058228527
2308,7,136.047,2.01763,-769.696,-130.691,2.39591,-746.24,781.6295730432779,757.6014885582842,1539.231061601562
2308,8,136.228,1.93544,-771.283,-130.329,2.34395,-746.861,783.2236462218142,758.1507077511717,1541.3743539729858
2308,9,136.12,2.56579,-772.801,-130.328,2.79686,-746.432,784.70161416893,757.7294640132847,1542.4310781822146
2309,0,136.293,2.62394,-773.17,-130.6,3.1483,-747.132,785.0952272241398,758.467202466191,1543.5624296903306
2309,1,136.331,2.74249,-774.019,-130.458,3.07213,-747.026,785.9383405671211,758.3380330846771,1544.2763736517982
2309,2,136.396,2.83353,-774.171,-130.225,3.11034,-748.452,786.0996342380913,759.7029821870622,1545.8026164251535
2309,3,136.409,2.77971,-775.818,-130.508,3.44674,-749.025,787.7237530966577,760.3174788899881,1548.041231986646
2309,4,136.343,3.09502,-776.948,-130.638,3.38278,-748.541,788.8264622220787,759.8627237373396,1548.6891859594184
2309,5,136.331,3.15636,-777.381,-130.458,3.61509,-749.776,789.2511155078906,761.0495442582618,1550.3006597661524
2309,6,136.594,3.02616,-777.705,-130.483,3.66785,-750.321,789.6151882438342,761.5910119306967,1551.2062001745307
2309,7,136.972,3.19791,-778.579,-130.431,3.79677,-751.049,790.5421017588931,762.2999813881887,1552.8420831470817
2309,8,136.705,2.97323,-779.967,-130.999,3.50117,-749.572,791.8621207070287,760.9409828471383,1552.8031035541671
2309,9,136.775,3.38184,-781.844,-131.376,3.49867,-750.588,793.7246864012644,762.006719006971,1555.7314054082353
2310,0,137.064,3.33733,-782.427,-131.299,3.90012,-751.404,794.3485936265821,762.7991934664158,1557.147787092998
2310,1,136.849,3.24734,-782.754,-131.531,3.78554,-752.051,794.633260400089,763.4758941021594,1558.1091545022482
2310,2,137.129,3.36624,-782.669,-131.842,3.746,-751.621,794.5982996292765,763.105807290837,1557.7041069201136
2310,3,137.059,3.19404,-783.601,-132.023,3.74511,-752.05,795.5035503211294,763.5596249657992,1559.0631752869285
2310,4,137.494,2.89512,-785.974,-132.243,4.06943,-752.969,797.9148516175235,764.5044710598656,1562.4193226773891
2310,5,137.383,2.65022,-785.703,-132.218,3.61738,-752.729,797.627931158412,764.2614947798066,1561.8894259382187
2310,6,137.544,2.35216,-786.122,-132.462,3.44754,-752.513,798.0674679979542,764.0902316775497,1562.1576996755039
2310,7,137.711,2.6953,-786.91,-132.773,3.17445,-752.62,798.873539593777,764.2483961787572,1563.121935772534
2310,8,137.867,2.50723,-786.901,-132.826,3.18667,-754.263,798.8909685885006,765.8756911605753,1564.766659749076
2310,9,137.892,2.00007,-787.973,-132.955,3.07024,-753.247,799.9497813444322,764.8970528166896,1564.8468341611217
2311,0,137.892,1.9134,-788.455,-133.239,2.8504,-753.778,800.4243573183915,765.4685030653841,1565.8928603837755
2311,1,137.892,1.65132,-788.094,-133.228,2.61668,-753.407,800.0681741937636,765.1004212828682,1565.1685954766317
2311,2,138.154,1.73259,-788.977,-133.15,2.89958,-754.104,800.9832932796464,765.7742310107964,1566.7575242904427
2311,3,138.401,1.29946,-789.569,-133.33,2.44967,-754.538,801.6082155007467,766.2313509816138,1567.8395664823606
2311,4,138.306,1.34425,-789.236,-133.241,2.60184,-754.325,801.2638893273942,766.006618298684,1567.2705076260781
2311,5,138.281,1.04202,-790.117,-133.408,2.71901,-755.346,802.1269191690803,767.0415029158331,1569.1684220849133
2311,6,138.544,0.914341,-790.707,-133.577,2.66732,-755.7,802.7532845180169,767.4193244406753,1570.1726089586923
2311,7,138.594,0.640653,-790.923,-133.41,2.39547,-754.921,802.974407563072,766.622255493226,1569.596663056298
2311,8,138.528,0.655734,-790.401,-133.563,2.47224,-755.833,802.4488629016049,767.5472042999164,1569.9960672015213
2311,9,138.713,0.407604,-791.805,-133.668,2.11143,-755.783,803.8635584071595,767.5151695241242,1571.3787279312837
2312,0,138.816,0.291414,-792.499,-133.617,2.03251,-757.207,804.5648710819529,768.908365564389,1573.4732366463418
2312,1,138.959,0.149662,-792.302,-133.539,2.3551,-757.377,804.3954781596639,769.0631515981052,1573.458629757769
2312,2,138.722,0.124687,-792.252,-133.526,1.96901,-757.888,804.3053153714999,769.5630514911563,1573.8683668626563
2312,3,138.672,-0.0061909,-793.622,-133.526,1.74749,-758.671,805.6462018195873,770.3336502050914,1575.9798520246786
2312,4,138.935,-0.160906,-793.333,-133.977,1.72063,-758.54,805.4068592982933,770.2828887471127,1575.6897480454058
2312,5,139.313,-0.251289,-794.189,-133.747,1.2684,-759.022,806.3152874875692,770.716721845037,1577.0320093326063
2312,6,139.178,-0.133302,-794.233,-133.745,1.11079,-759.672,806.3352849419546,771.3562772567708,1577.6915621987255
2312,7,139.403,-0.369513,-795.168,-133.887,0.904296,-759.648,807.2951636005614,771.3570058178351,1578.6521694183966
2312,8,139.125,-0.0268555,-795.759,-133.914,1.12266,-759.082,807.8292842099856,770.8045812561544,1578.63386546614
2312,9,139.129,0.113257,-796.246,-133.785,0.788406,-759.779,808.3097079610934,771.4681954883305,1579.7779034494238
2313,0,139.207,-0.0698235,-796.597,-133.694,0.968207,-759.81,808.668890296468,771.4831554614751,1580.1520457579431
2313,1,139.285,0.0891588,-796.512,-133.745,0.826546,-759.916,808.5985934431815,771.5962255346317,1580.1948189778132
2313,2,139.56,-0.0697453,-796.349,-133.565,0.527631,-759.945,808.4854533418687,771.5933453863325,1580.0787987282013
2313,3,139.741,0.0232953,-797.419,-133.719,0.79855,-761.019,809.5706326100712,772.6780228556411,1582.2486554657123
2313,4,139.832,-0.0166575,-798.588,-133.63,0.736871,-761.779,810.7378011696952,773.4111227024542,1584.1489238721495
2313,5,139.844,-0.0295121,-798.494,-133.797,0.192828,-761.62,810.6472804142157,773.2830651136992,1583.930345527915
2313,6,139.844,-0.0296378,-799.4,-133.45,0.47437,-761.969,811.5397126539151,773.5669877185148,1585.10670037243
2313,7,139.844,0.101372,-799.583,-133.564,0.490265,-761.783,811.7199815831086,773.403466209436,1585.1234477925445
2313,8,139.582,0.19197,-799.443,-133.346,0.476667,-762.802,811.5369873428326,774.3695978868417,1585.9065852296744
2313,9,139.598,0.399899,-800.377,-133.1,0.0895679,-763.159,812.4599089507187,774.6788220310458,1587.1387309817646
2314,0,139.415,0.829835,-801.107,-133.06,0.52596,-764.933,813.1479916350572,776.4198186051934,1589.5678102402508
2314,1,139.836,0.774289,-802.03,-132.802,0.761924,-765.293,814.1294905108496,776.7305373044,1590.8600278152494
2314,2,139.858,1.01126,-802.322,-132.943,0.787304,-765.698,814.4211898611109,777.1537095714002,1591.574899432511
2314,3,139.976,1.06083,-803.034,-132.918,0.529214,-766.184,815.1429390556535,777.6280580376828,1592.7709970933363
2314,4,139.87,1.0615,-803.985,-132.647,0.799519,-766.67,816.0616544767007,778.0608939791482,1594.122548455849
2314,5,139.584,1.06096,-804.415,-132.594,0.67235,-768.097,816.4363483561481,779.4579028398664,1595.8942511960145
2314,6,139.928,1.06083,-805.561,-132.594,0.890123,-768.643,817.6242995809805,779.9961683264573,1597.6204679074378
2314,7,140.265,0.866089,-807.411,-132.466,0.748998,-769.505,819.5044498086363,780.8237619200661,1600.3282117287024
2314,8,140.052,1.416,-806.902,-132.31,1.09619,-770.342,818.9672797883931,781.6226293400902,1600.5899091284832
2314,9,140.199,1.07014,-807.157,-132.219,1.43437,-771.019,819.2431430592627,782.2750281961562,1601.518171255419
2315,0,140.302,1.31031,-808.055,-132.592,1.29339,-771.668,820.1458718674965,782.9775306774085,1603.1234025449048
2315,1,140.183,1.30793,-808.758,-132.415,1.63962,-772.585,820.8181812885756,783.8520286404472,1604.6702099290228
2315,2,140.354,1.29602,-809.82,-132.555,1.65514,-772.213,821.8937628330322,783.5090841096991,1605.4028469427312
2315,3,140.588,1.29575,-810.686,-132.401,2.22293,-773.579,822.7870048244944,784.8308323835047,1607.617837207999
2315,4,140.953,1.6864,-810.819,-132.362,2.14833,-773.08,822.9811923215257,784.3322005156928,1607.3133928372185
2315,5,140.688,1.76099,-811.502,-132.49,2.10762,-773.854,823.6089548042688,785.1165871882115,1608.7255419924804
2315,6,141.149,1.63083,-812.177,-132.388,2.30001,-774.719,824.3525818098036,785.9525440832927,1610.3051258930964
2315,7,140.987,1.47518,-811.873,-132.554,2.33894,-775.394,824.0250472249205,786.6459742427489,1610.6710214676696
2315,8,141.198,1.64627,-811.522,-132.659,2.59687,-775.238,823.7156923920492,786.5107187183129,1610.226411110362
2315,9,141.248,1.35704,-812.7,-132.608,2.58465,-775.853,824.8843125321039,787.1082769788553,1611.992589510959
2316,0,141.38,1.29556,-813.208,-132.466,2.82826,-776.53,825.4073140817893,787.752550684939,1613.1598647667283
2316,1,141.469,1.16516,-814.217,-132.568,2.9467,-776.371,826.4164559396344,787.6134123450984,1614.0298682847329
2316,2,141.613,1.2705,-814.947,-132.659,3.21693,-777.792,827.1604854852835,789.0305153690983,1616.1910008543819
2316,3,141.573,1.22954,-815.598,-132.93,3.3987,-778.233,827.7949768521257,789.5115821510726,1617.3065590031983
2316,4,141.626,0.956307,-815.428,-133.048,3.6825,-777.859,827.6361891453746,789.1640862274778,1616.8002753728524
2316,5,141.639,1.10223,-816.336,-133.383,3.5425,-778.176,828.5332136540893,789.5324318679063,1618.0656455219955
2316,6,141.508,1.00934,-816.243,-133.385,3.69439,-778.932,828.4190774482656,790.2786011062632,1618.697678554529
2316,7,141.417,1.04961,-817.012,-133.887,4.18549,-779.206,829.1613098270758,790.6359702995685,1619.7972801266442
2316,8,141.601,1.06169,-816.759,-134.058,4.34293,-779.636,828.9434446737945,791.0895656630701,1620.0330103368647
2316,9,141.574,0.931132,-817.088,-134.264,4.29189,-779.451,829.262843872075,790.94190900266,1620.204752874735
2317,0,141.43,0.906238,-818.945,-133.983,4.14779,-779.931,831.0680954003184,791.3665479484739,1622.4346433487922
2317,1,141.34,0.710682,-819.424,-134.045,4.25052,-781.252,831.5246192656625,792.6795168599164,1624.2041361255788
2317,2,141.327,0.673357,-819.174,-134.457,4.34131,-781.636,831.2760171054193,793.1282168209098,1624.4042339263292
2317,3,141.196,0.935295,-821.038,-134.473,4.61207,-781.933,833.0909810079191,793.4251542569626,1626.5161352648818
2317,4,141.237,0.788786,-821.403,-134.91,4.47187,-782.392,833.4574978733791,793.9508469579821,1627.4083448313613
2317,5,141.053,0.882372,-822.225,-134.81,4.62531,-782.608,834.2365839582596,794.1476004223623,1628.384184380622
2317,6,141.082,0.907756,-822.381,-135.092,4.40674,-783.039,834.3952683866055,794.6189925633715,1629.0142609499771
2317,7,141.291,0.907156,-822.792,-135.03,4.22444,-782.855,834.8356993307176,794.4261437152693,1629.261843045987
2317,8,141.131,0.907693,-823.554,-134.939,4.13391,-784.545,835.5596770928945,796.0756747683527,1631.6353518612473
2317,9,141.356,0.7777,-824.233,-135.118,4.50618,-784.772,836.2668006337989,796.3317597372294,1632.5985603710283
2318,0,141.472,1.07944,-824.747,-135.415,4.26506,-785.147,836.7933472391577,796.7504154820402,1633.543762721198
2318,1,141.092,1.0765,-825.917,-135.339,3.93993,-785.096,837.8824513052234,796.6855698363094,1634.5680211415329
2318,2,141.016,1.12938,-826.672,-135.055,3.69434,-785.472,838.6139656237453,797.0067527675255,1635.6207183912709
2318,3,141.082,1.46813,-827.324,-135.195,3.71823,-785.42,839.2683045997251,796.9793533457016,1636.2476579454267
2318,4,141.356,1.40012,-827.976,-135.428,3.73195,-785.662,839.9569844033767,797.2574545771288,1637.2144389805055
2318,5,141.341,1.70105,-828.492,-135.404,3.53755,-784.913,840.4636612704338,796.5143909842449,1636.9780522546787
2318,6,141.263,1.69872,-829.255,-135.454,3.11163,-785.416,841.2026960510993,797.016788664616,1638.2194847157152
2318,7,141.12,1.62262,-829.247,-135.211,3.41812,-786.228,841.1706570635142,797.7770152425641,1638.9476723060784
2318,8,141.095,1.54472,-829.085,-135.222,3.30509,-786.635,841.0066125839193,798.1795137241421,1639.1861263080614
2318,9,141.488,1.72789,-829.606,-135.364,2.87851,-786.69,841.5865701066363,798.2561333405589,1639.8427034471952
2319,0,141.236,1.70071,-830.529,-135.262,2.73333,-786.958,842.4541055461146,798.5024567907658,1640.9565623368803
2319,1,141.304,1.94841,-831.643,-135.299,2.65607,-788.088,843.5642809925798,799.6221419225739,1643.1864229151538
2319,2,141.198,1.9336,-831.281,-135.377,2.51345,-788.178,843.1896079613173,799.7235830234735,1642.9131909847906
2319,3,141.37,1.98687,-831.45,-135.197,2.55069,-788.017,843.385159374053,799.5345690571961,1642.919728431249
2319,4,141.406,2.06449,-832.185,-135.028,2.49899,-787.854,844.1159832510933,799.3451889209192,1643.4611721720125
2319,5,141.276,2.208,-832.455,-135.259,2.61515,-788.897,844.3607703256945,800.4125890436273,1644.773359369322
2319,6,141.316,2.29783,-832.479,-135.441,2.51382,-789.793,844.391365019627,801.3261300001344,1645.7174950197614
2319,7,141.722,2.57161,-833.3,-135.339,2.55077,-789.397,845.2695596447278,800.9187068345907,1646.1882664793184
2319,8,141.536,2.75249,-833.868,-135.505,2.43524,-789.821,845.7989459210742,801.3643038343158,1647.16324975539
2319,9,141.551,2.64692,-834.767,-135.61,2.53717,-789.932,846.6874488708844,801.4917803418878,1648.179229212772
2320,0,141.301,2.94782,-834.652,-135.816,2.3706,-789.664,846.533297246926,801.2620286125881,1647.7953258595142
2320,1,141.579,2.94581,-836.101,-135.792,2.58696,-789.339,848.0083568211791,800.9383350464889,1648.946691867668
2320,2,141.315,3.19403,-836.255,-136.036,2.64107,-789.686,848.1170650786605,801.3218748684857,1649.438939947146
2320,3,141.187,3.17882,-835.412,-135.511,2.57564,-790.439,847.2644708764747,801.9748610545156,1649.2393319309904
2320,4,141.306,3.10126,-836.21,-135.969,2.36938,-790.982,848.0708505482238,802.5868845468286,1650.6577350950524
2320,5,140.938,3.02344,-836.532,-136.026,2.52254,-791.468,848.3268521374492,803.0759807814273,1651.4028329188766
2320,6,141.124,2.88023,-837.374,-135.884,2.4342,-792.357,849.1875499422097,803.9278588496855,1653.1154087918953
2320,7,141.306,2.98506,-837.668,-135.857,2.72815,-793.331,849.5080779152154,804.8842418711043,1654.3923197863196
2320,8,140.94,3.46659,-838.105,-135.921,2.66652,-793.23,849.8800455777439,804.7952916549093,1654.6753372326532
2320,9,141.191,3.29396,-837.913,-135.614,3.08875,-794.112,849.7316895482253,805.6144027489594,1655.3460922971847
2321,0,141.123,3.04817,-837.86,-135.417,3.37624,-794.441,849.6672125422688,805.9067349058064,1655.5739474480752
2321,1,140.968,3.46626,-838.271,-135.648,3.54509,-795.273,850.048387695305,806.7664420983982,1656.8148297937032
2321,2,141.138,3.74936,-838.078,-135.316,3.95786,-795.71,849.8874789220098,807.1434126670301,1657.03089158904
2321,3,140.98,3.52715,-838.434,-135.107,4.35955,-797.24,850.2113699211052,808.6188995597385,1658.8302694808435
2321,4,141.139,3.54199,-838.788,-135.659,4.36176,-797.012,850.5868985342769,808.4865597987994,1659.0734583330764
2321,5,140.653,3.87998,-838.843,-135.78,4.67023,-797.973,850.5621078456295,809.4559457915253,1660.018053637155
2321,6,140.618,4.00808,-839.252,-135.33,5.12361,-798.598,850.9602846979913,809.9995221501258,1660.959806848117
2321,7,140.695,4.15059,-839.196,-135.493,5.39833,-798.548,850.9184666220073,809.9792610430152,1660.8977276650226
2321,8,140.708,4.37119,-840.124,-135.418,5.69515,-799.324,851.8369468049716,810.7338197173733,1662.570766522345
2321,9,140.709,4.80096,-839.764,-135.263,6.13424,-800.699,851.4843789488575,812.0668671177132,1663.5512460665707
2322,0,140.709,5.26769,-840.204,-135.172,6.53629,-801.756,851.9210837013813,813.0970890410099,1665.0181727423912
2322,1,140.644,5.5384,-840.583,-135.352,6.60329,-802.059,852.2858607882451,813.4263376752833,1665.7121984635285
2322,2,140.762,5.83688,-841.593,-135.328,7.0535,-802.756,853.3034556716235,814.1133919683731,1667.4168476399966
2322,3,140.723,6.34319,-842.19,-135.121,7.72798,-803.834,853.8894512103872,815.1481496463574,1669.0376008567446
2322,4,140.579,6.69241,-843.36,-135.466,7.91353,-804.567,855.0224167778341,815.9299716287305,1670.9523884065648
2322,5,140.555,7.5241,-843.571,-135.354,7.99061,-805.081,855.233507380768,816.4189927513764,1671.6525001321443
2322,6,140.229,7.87167,-844.528,-135.314,8.13403,-806.104,856.127139164265,817.4225956358442,1673.5497348001093
2322,7,140.427,8.17072,-844.715,-135.506,8.3533,-806.436,856.3468539203717,817.7840031162814,1674.1308570366532
2322,8,140.805,8.22124,-846.35,-135.482,8.07262,-807.534,858.0221205261188,818.8600006555848,1676.8821211817035
2322,9,140.672,8.80655,-847.215,-135.982,8.06964,-807.893,858.8593733155053,819.2968466085596,1678.1562199240648
2323,0,140.57,8.7907,-847.865,-136.09,8.21234,-808.593,859.4837168506975,820.0064452656915,1679.490162116389
2323,1,140.622,8.57026,-848.38,-135.961,8.11041,-809.403,859.9980352538415,820.7827901950479,1680.7808254488896
2323,2,141.092,8.85865,-849.141,-136.19,7.82677,-809.41,860.8285927086893,820.824903696661,1681.6534964053503
2323,3,140.919,8.72579,-850.093,-136.373,7.77277,-810.453,861.738018553855,821.8832497937117,1683.6212683475667
2323,4,140.803,8.36224,-850.797,-136.336,7.58,-810.413,862.4099646199699,821.8358667428673,1684.2458313628372
2323,5,140.986,8.75482,-851.311,-136.578,7.73304,-810.49,862.9508200298743,821.9533989780939,1684.904219007968
2323,6,141.221,8.45209,-851.528,-136.44,7.6452,-811.054,863.2002916185606,822.4858136156757,1685.6861052342365
2323,7,141.194,8.37722,-851.284,-136.784,7.42489,-809.962,862.9544438189819,821.464200736412,1684.4186445553937
2323,8,140.919,8.57146,-852.457,-136.609,6.93458,-810.912,864.0686149470605,822.3675449729132,1686.4361599199738
2323,9,141.26,8.61044,-852.287,-136.555,6.83936,-810.497,863.9569767332131,821.9485579275686,1685.9055346607815
2324,0,141.206,8.86996,-851.799,-136.875,6.77517,-810.892,863.4693665830894,822.3907247881198,1685.8600913712091
2324,1,140.984,8.26966,-853.085,-136.814,6.4403,-810.602,864.6958382908499,822.0919355303822,1686.7877738212321
2324,2,140.947,8.46848,-852.529,-136.916,6.37251,-811.588,864.1431986676226,823.0806046091112,1687.2238032767339
2324,3,140.816,8.27139,-853.461,-136.878,6.05074,-811.814,865.0394443431652,823.2947035749395,1688.3341479181047
2324,4,141.183,8.22051,-853.129,-137.122,5.85378,-812.082,864.7712454254363,823.5981327979614,1688.3693782233977
2324,5,140.933,8.28633,-853.16,-137.176,5.50479,-811.067,864.7616777782586,822.6039363982791,1687.3656141765377
2324,6,141.195,7.9085,-853.868,-137.111,5.3087,-811.779,865.4993551824577,823.2938439328269,1688.7931991152846
2324,7,140.868,8.35229,-854.001,-137.162,5.66653,-811.44,865.5814590050113,822.9704717705496,1688.5519307755608
2324,8,140.988,8.45432,-853.32,-137.304,5.55562,-811.461,864.9301209176742,823.0140994239312,1687.9442203416054
2324,9,141.156,8.3241,-853.87,-136.946,5.25783,-812.427,865.4988641684113,823.9050200243405,1689.4038841927518
2325,0,140.985,8.36427,-854.004,-137.185,5.20348,-812.358,865.6035832028614,823.8763988567158,1689.4799820595772
2325,1,141.142,8.31116,-854.549,-136.804,4.8827,-812.434,866.1663425379362,823.8860233862995,1690.0523659242358
2325,2,140.985,8.3642,-854.928,-137.03,4.68586,-812.596,866.5152135136693,824.0821787904041,1690.5973923040733
2325,3,140.947,7.98717,-855.116,-136.969,4.65813,-812.624,866.6909628867771,824.0994906636558,1690.790453550433
2325,4,141.208,7.65114,-855.959,-136.686,4.4018,-813.16,867.5621296992507,824.5796650653228,1692.1417947645737
2325,5,141.389,7.72988,-856.663,-136.888,3.96148,-813.406,868.2868742154371,824.8535256054801,1693.140399820917
2325,6,141.676,7.68956,-856.359,-136.942,3.75121,-812.364,868.0333836840572,823.8339950721045,1691.8673787561615
2325,7,141.727,7.41704,-856.963,-136.749,3.78805,-812.806,868.6352159453136,824.2379704671476,1692.873186412461
2325,8,141.987,7.04181,-857.094,-136.709,3.80161,-813.885,868.8037868777254,825.2954599079,1694.0992467856254
2325,9,141.711,6.91303,-857.641,-136.837,3.67218,-813.681,869.2973498094774,825.1149127460686,1694.412262555546
2326,0,141.583,6.57501,-858.563,-137.057,3.45175,-814.266,870.1835447849494,825.7273488162193,1695.9108936011687
2326,1,141.962,6.51094,-858.86,-136.841,3.53983,-815.346,870.5378230632392,826.7569711792147,1697.294794242454
2326,2,141.581,6.25076,-859.431,-136.594,3.56627,-815.274,871.037252545824,826.6452287370398,1697.6824812828638
2326,3,141.622,5.80999,-859.264,-136.361,3.18052,-815.887,870.87609254348,827.2097888670505,1698.0858814105304
2326,4,141.779,5.66904,-858.667,-136.256,3.29046,-815.895,870.3116911454894,827.2008073545453,1697.5124985000348
2326,5,141.935,5.52605,-858.831,-136.179,3.26662,-816.535,870.4980000060899,827.819302186307,1698.317302192397
2326,6,141.764,5.37027,-858.885,-136.23,3.25383,-816.142,870.5224378043755,827.4400065706691,1697.9624443750445
2326,7,141.53,4.88967,-859.57,-136.115,3.12419,-818.301,871.1574109612504,829.5502277675272,1700.7076387287775
2326,8,141.362,4.93109,-859.7,-135.767,3.28915,-817.046,871.2586416745536,828.2557955805215,1699.514437255075
2326,9,141.335,4.69661,-860.38,-135.379,3.20022,-817.879,871.9239558416159,829.0137355255632,1700.937691367179
2327,0,141.401,4.77509,-859.562,-135.759,3.4296,-818.001,871.1279332735853,829.1971443740988,1700.325077647684
2327,1,141.414,4.41115,-860.6,-135.662,3.73978,-818.106,872.1523591897935,829.2861939249009,1701.4385531146945
2327,2,141.674,4.40016,-860.705,-135.493,3.27981,-818.267,872.2981031213043,829.4154528893444,1701.7135560106485
2327,3,141.268,4.34776,-860.132,-135.467,3.36297,-819.767,871.6665694318083,830.8914200695666,1702.5579895013748
2327,4,141.374,4.07578,-861.251,-135.21,3.65946,-819.813,872.7866319207739,830.8961973173855,1703.6828292381592
2327,5,141.804,4.02404,-861.899,-135.091,3.52135,-819.622,873.4955372037808,830.6877879629761,1704.183325166757
2327,6,142.077,4.15477,-861.435,-135.142,3.8013,-819.325,873.0826966947362,830.4042784515806,1703.4869751463168
2327,7,142.115,4.05048,-862.143,-134.963,4.31754,-819.668,873.786948896715,830.7161264503366,1704.5030753470514
2327,8,142.05,4.08983,-862.167,-135.114,3.96224,-820.289,873.80024324695,831.3516319000147,1705.1518751469648
2327,9,142.492,4.10286,-863.097,-135.284,4.31473,-821.07,874.7898232908174,832.1516222726318,1706.9414455634492
2328,0,142.321,3.84309,-862.601,-135.311,4.40929,-821.346,874.271423290701,832.4288319582065,1706.7002552489075
2328,1,142.596,3.72769,-862.331,-135.503,4.15315,-821.107,874.0493512666983,832.2229371466053,1706.2722884133036
2328,2,142.79,3.71439,-863.394,-135.928,4.41812,-821.049,875.1296932621314,832.2363855115531,1707.3660787736844
2328,3,142.62,3.52023,-863.335,-135.754,4.80697,-821.049,875.0429581707706,832.2101392542517,1707.2530974250221
2328,4,142.516,3.67751,-863.553,-135.507,5.00239,-820.781,875.2417484014346,831.9066179059474,1707.148366307382
2328,5,142.633,3.71617,-863.881,-135.85,5.28626,-821.392,875.5845845887585,832.5671052286342,1708.1516898173927
2328,6,142.919,3.45646,-864.613,-135.612,5.27702,-821.67,876.3523420666666,832.8025278444346,1709.1548699111013
2328,7,142.906,3.73066,-865.291,-135.864,5.19808,-822.365,877.0202719099689,833.5287875992565,1710.5490595092253
2328,8,142.892,3.72942,-865.535,-135.74,5.24857,-821.705,877.25872378822,832.85773221604,1710.1164560042598
2328,9,142.957,3.58775,-865.016,-135.891,5.06997,-820.998,876.7566686687147,832.1837444223487,1708.9404130910634
2329,0,143.166,3.36648,-864.639,-135.869,5.15642,-821.819,876.417957977009,832.9906617659146,1709.4086197429237
2329,1,143.269,3.39373,-865.537,-135.278,4.9269,-821.618,877.3208205287921,832.694751725751,1710.015572254543
2329,2,143.478,3.40665,-865.588,-135.411,5.12793,-821.532,877.40533819451,832.6327291255641,1710.038067320074
2329,3,143.645,3.08219,-864.744,-135.274,5.11815,-820.996,876.5988657625539,832.0815359995812,1708.6804017621353
2329,4,143.801,3.08314,-864.854,-134.913,5.2967,-820.882,876.7329551632354,831.911552103882,1708.6445072671172
2329,5,143.762,3.03113,-865.046,-134.909,4.95231,-821.283,876.9157784582719,832.3044693766435,1709.2202478349154
2329,6,143.684,3.08347,-865.344,-134.859,4.93346,-820.701,877.1971488663429,831.7219609398153,1708.9191098061583
2329,7,143.866,2.64204,-864.717,-135.166,5.14019,-820.692,876.6070364880501,831.7641660790853,1708.3712025671352
2329,8,143.904,2.74654,-864.584,-134.722,5.30848,-820.987,876.4824001393134,831.9842855564704,1708.4666856957838
2329,9,144.1,2.46065,-864.312,-134.613,5.01504,-820.508,876.245455418984,831.4921457591777,1707.7376011781616
2330,0,144.333,2.39717,-864.801,-134.549,5.39451,-820.127,876.7659499056798,831.1081940807346,1707.8741439864143
2330,1,144.371,2.20301,-864.368,-134.663,5.36245,-820.07,876.3446116215129,831.0702042180327,1707.4148158395456
2330,2,144.24,1.96988,-863.853,-134.435,5.33509,-819.668,875.8145144014309,830.6364202431218,1706.4509346445527
2330,3,144.28,1.93114,-863.908,-134.38,5.26939,-820.116,875.8752651866016,831.0691934652446,1706.9444586518462
2330,4,144.488,1.93108,-863.393,-134.06,5.64023,-820.363,875.4016127829366,831.2637051883432,1706.6653179712798
2330,5,144.135,1.99647,-863.829,-134.056,5.9144,-820.391,875.7736153587073,831.2925983938267,1707.066213752534
2330,6,144.319,2.07509,-863.119,-134.262,5.95546,-820.123,875.1038155101988,831.0616627403839,1706.1654782505827
2330,7,144.435,2.28256,-862.413,-134.431,6.40424,-819.531,874.4271621319604,830.5081384381356,1704.935300570096
2330,8,144.318,2.32027,-862.987,-134.139,6.75648,-819.015,874.9740744421362,829.9545117462706,1704.9285861884068
2330,9,144.098,2.58067,-862.853,-134.07,6.87439,-819.463,874.8063746170628,830.3864344429478,1705.1928090600106
2331,0,143.864,2.82658,-862.526,-134.134,6.95049,-820.11,874.4460765115801,831.0358905409803,1705.4819670525603
2331,1,143.956,2.60645,-862.748,-133.891,7.34869,-819.424,874.6795041737302,830.3231268016783,1705.0026309754085
2331,2,143.917,3.13946,-863.071,-134.03,7.75206,-820.32,874.9934343405621,831.2334435850399,1706.226877925602
2331,3,144.099,3.58003,-863.806,-133.815,8.20519,-820.148,875.7500465611184,831.0334056293623,1706.7834521904806
2331,4,143.747,3.83906,-863.397,-133.952,8.54368,-820.595,875.2898479930426,831.5000221268442,1706.789870119887
2331,5,143.409,4.13737,-863.428,-133.865,8.91767,-822.177,875.2663424898257,833.0512483588443,1708.31759084867
2331,6,143.358,4.44886,-863.181,-133.518,9.43475,-821.556,875.0158554450883,832.3883300284565,1707.4041854735447
2331,7,143.488,5.14861,-863.13,-133.449,9.9153,-821.623,874.9906920813113,832.4489791597381,1707.4396712410494
2331,8,143.384,5.73168,-863.267,-133.065,10.1256,-822.212,875.1124138649974,832.971425046718,1708.0838389117152
2331,9,143.098,5.56222,-863.702,-133.111,10.4734,-822.461,875.4936440085265,833.2288562871308,1708.7225002956575
2332,0,143.047,6.16012,-863.241,-132.947,10.9907,-823.157,875.0345223866395,833.8963646308155,1708.930887017455
2332,1,143.242,6.61239,-862.318,-132.842,11.6625,-823.433,874.1592116940209,834.1612052590614,1708.3204169530823
2332,2,142.89,7.13127,-862.703,-132.444,11.7222,-823.995,874.4854906290972,834.6535707308991,1709.1390613599963
2332,3,142.683,7.61042,-861.724,-132.426,12.413,-823.973,873.4899021497481,834.6389834976557,1708.1288856474039
2332,4,142.722,8.1419,-861.374,-131.992,12.6917,-823.945,873.1557866129102,834.5467813956807,1707.7025680085908
2332,5,142.54,8.42596,-861.892,-131.64,13.0389,-823.545,873.6397816411073,834.1015942546867,1707.7413758957941
2332,6,142.11,8.72443,-860.373,-131.714,13.3006,-823.593,872.0740031143142,834.1647999078839,1706.2388030221982
2332,7,141.772,9.23001,-861.274,-131.485,13.5972,-823.619,872.9131664401679,834.1591252475993,1707.0722916877671
2332,8,141.656,9.7747,-860.292,-131.11,14.0366,-824.552,871.9313575965083,835.0286575582661,1706.9600151547743
2332,9,141.382,9.92986,-859.373,-131.042,14.1185,-824.353,870.9818741929247,834.8228593032476,1705.8047334961723
2333,0,141.462,10.6557,-859.376,-130.658,14.6957,-824.133,871.0064011030516,834.5553775822729,1705.5617786853245
2333,1,140.967,10.9275,-859.677,-130.511,14.82,-823.437,871.2265203001169,833.8472560907064,1705.0737763908232
2333,2,140.668,11.5363,-858.915,-130.114,15.1402,-823.027,870.434115638105,833.3860578273674,1703.8201734654724
2333,3,140.435,12.0419,-857.804,-129.776,15.2096,-823.102,869.3070222864934,833.4086899667893,1702.7157122532826
2333,4,140.201,12.6376,-856.667,-129.656,15.5933,-823.263,868.1557338541053,833.5561147936533,1701.7118486477584
2333,5,139.837,13.1301,-856.208,-129.003,15.5473,-823.56,867.6513846926138,833.7473035316456,1701.3986882242593
2333,6,139.251,13.9209,-855.34,-128.994,15.5839,-823.349,866.7128405982053,833.53817295683,1700.2510135550351
2333,7,139.084,14.5165,-854.909,-128.19,15.725,-823.69,866.2704462864066,833.7536613562786,1700.024107642685
2333,8,138.94,15.3851,-854.991,-128.011,15.881,-822.843,866.3432547108623,832.8923249322207,1699.235579643083
2333,9,138.329,15.928,-853.527,-127.883,16.0369,-822.909,864.810356756902,832.9408539215794,1697.7512106784816
2334,0,138.277,16.2001,-851.469,-127.343,16.127,-823.764,862.7760021755415,833.7046524243462,1696.4806545998877
2334,1,138.03,17.276,-851.526,-126.977,16.4615,-823.538,862.8135776354009,833.4320469931847,1696.2456246285856
2334,2,137.653,18.1303,-851.335,-126.922,16.3375,-823.051,862.5823661611047,832.9400077984309,1695.5223739595356
2334,3,137.067,18.4535,-849.382,-126.667,17.0643,-823.231,860.5682285997142,833.0936313431341,1693.6618599428484
2334,4,136.574,19.3346,-848.462,-126.548,17.2937,-823.422,859.6010991600465,833.2690192535002,1692.8701184135466
2334,5,136.302,19.8908,-847.0,-126.214,17.2427,-822.783,858.1275424601171,832.5858211549665,1690.7133636150836
2334,6,135.742,20.3572,-846.46,-125.825,17.1649,-822.904,857.5166690833713,832.6449168961582,1690.1615859795295
2334,7,134.989,21.2771,-845.862,-125.564,17.5358,-822.829,856.8297778143626,832.539119572552,1689.3688973869146
2334,8,134.989,21.8336,-845.349,-125.268,17.6819,-822.934,856.3373564261692,832.6013990905913,1688.9387555167605
2334,9,134.234,22.6887,-844.32,-125.084,17.6317,-821.629,855.225003296612,831.2828023854998,1686.507805682112
2335,0,133.69,23.4269,-842.909,-124.801,18.0016,-821.874,853.7666062950752,831.4903601843861,1685.2569664794614
2335,1,133.678,24.7741,-842.534,-124.554,18.0208,-821.456,853.4325426598226,831.0405574246302,1684.4731000844527
2335,2,132.846,25.7972,-842.102,-124.32,18.1351,-821.074,852.9064038028088,830.6303977871324,1683.5368015899412
2335,3,132.547,26.6659,-842.431,-124.087,17.9705,-820.349,853.2114434258427,829.8752943908199,1683.0867378166627
2335,4,131.936,27.4556,-841.425,-123.853,18.313,-819.539,852.1484311388244,829.0471060796244,1681.1955372184489
2335,5,131.559,28.5571,-840.395,-123.62,18.2681,-820.195,851.1092964281438,829.6598495182288,1680.7691459463726
2335,6,131.248,29.2053,-840.639,-123.195,18.0477,-819.169,851.3242128431976,828.5774424043235,1679.9016552475211
2335,7,131.001,29.5544,-840.182,-123.368,18.2629,-819.575,850.8469413968414,829.0092747161578,1679.8562161129994
2335,8,131.091,29.9952,-839.257,-123.358,18.4452,-818.654,849.9628664553763,828.1013182473749,1678.0641847027514
2335,9,130.727,29.6827,-838.824,-123.216,18.2171,-818.289,849.4682537825,827.7142821707318,1677.1825359532318
2336,0,130.584,29.1513,-838.089,-122.997,18.0979,-817.994,848.7020391566701,827.3874425137295,1676.0894816703997
2336,1,130.505,28.7365,-836.462,-122.764,17.8918,-816.338,847.0690756374299,825.711115613227,1672.780191250657
2336,2,130.687,28.412,-834.806,-122.722,18.0428,-816.124,845.4509987864466,825.4965870867304,1670.947585873177
2336,3,130.724,27.6471,-834.941,-123.041,17.5722,-815.353,845.5646632844883,824.7717165997146,1670.3363798842029
2336,4,130.724,26.7259,-832.578,-122.344,17.6528,-814.513,843.2017338637355,823.8392457590497,1667.0409796227852
2336,5,130.398,25.9218,-831.139,-122.624,17.3096,-813.036,841.7051832086102,822.4134026900095,1664.1185858986196
2336,6,130.138,25.0146,-829.729,-122.594,16.4577,-812.747,840.245108702312,822.1057296566482,1662.3508383589601
2336,7,130.227,24.2103,-827.586,-122.822,15.7153,-812.082,838.1192024712774,821.467825944565,1659.5870284158423
2336,8,129.798,23.3016,-825.712,-122.813,15.5903,-811.005,836.1762926025588,820.3994151924354,1656.5757077949943
2336,9,129.901,22.3034,-823.378,-122.607,14.9499,-810.136,833.8603254361968,819.497598809789,1653.357924245986
2337,0,129.55,21.1629,-820.8,-122.694,13.9797,-808.393,831.2302393659713,817.7704397305456,1649.000679096517
2337,1,129.276,20.1244,-818.601,-122.465,13.159,-806.847,828.9902730746363,816.1941661853507,1645.184439259987
2337,2,128.781,19.1134,-816.757,-122.155,12.6364,-806.453,827.0682348328703,815.7499395274019,1642.8181743602722
2337,3,128.885,18.2962,-814.15,-122.547,12.1055,-805.492,824.4915503869278,814.8507055916747,1639.3422559786025
2337,4,128.533,17.389,-812.194,-122.389,11.4322,-804.09,822.4853816609751,813.4313066374075,1635.9166882983827
2337,5,128.065,16.391,-809.048,-122.524,10.6031,-803.696,819.2850391713497,813.0509311978002,1632.33597036915
2337,6,128.117,15.5091,-807.12,-122.183,10.0667,-801.804,817.3721259449762,811.122480488545,1628.4946064335213
2337,7,127.753,14.6532,-804.272,-122.354,9.08819,-799.666,814.4869521749505,809.0233668253817,1623.5103190003322
2337,8,127.675,13.7985,-800.906,-122.666,8.38179,-798.49,811.1360706214771,807.9006634850624,1619.0367341065394
2337,9,127.609,13.2013,-799.656,-122.593,7.69458,-797.784,809.8815033933606,807.1849607533434,1617.066464146704
2338,0,127.206,12.333,-797.215,-122.566,7.05802,-796.871,807.3940955630032,806.2726775994089,1613.666773162412
2338,1,126.608,11.5939,-795.125,-122.693,6.43552,-795.631,805.2252913354188,805.061287311513,1610.2865786469317
2338,2,126.438,10.9589,-792.764,-123.04,5.55721,-794.334,802.8582845242428,803.8259934457109,1606.6842779699537
2338,3,126.295,9.94777,-790.726,-123.173,4.87768,-792.504,800.810209868089,802.0336462438358,1602.8438561119249
2338,4,126.269,8.85852,-789.18,-123.569,3.93581,-790.691,799.2667928405323,800.2980981124197,1599.5648909529518
2338,5,126.138,8.15909,-787.576,-123.334,3.24247,-789.84,797.6548887643253,799.4179224709069,1597.0728112352322
2338,6,126.112,7.79574,-785.001,-123.328,2.23647,-788.927,795.1047604606248,798.5114956661932,1593.616256126818
2338,7,125.591,7.16058,-783.316,-123.98,1.7862,-787.288,793.3525880987195,796.9922370101481,1590.3448251088676
2338,8,125.422,6.00707,-781.578,-123.864,1.15487,-786.435,791.6002356353773,796.1304123356404,1587.7306479710178
2338,9,125.278,5.41061,-779.38,-123.935,0.58156,-784.988,789.4029619811241,794.7115090276683,1584.1144710087924
2339,0,125.382,4.68475,-777.641,-124.09,-0.283306,-783.502,787.6979863422036,793.2677936020657,1580.9657799442693
2339,1,125.148,3.97216,-775.337,-124.31,-0.898864,-782.441,785.3822403951248,792.2548217193067,1577.6370621144315
2339,2,124.836,3.40178,-773.3,-124.415,-1.31565,-780.802,783.3188935568759,790.6532655746909,1573.9721591315667
2339,3,124.523,2.59898,-770.94,-124.237,-1.4503,-779.552,780.9361150734678,789.3910667363103,1570.3271818097783
2339,4,124.471,2.00189,-769.448,-124.451,-2.10416,-778.816,779.4531814731223,788.6994616115227,1568.152643084645
2339,5,124.081,1.39283,-767.06,-124.571,-2.43451,-776.571,777.0322246447754,786.5026248658933,1563.5348495106687
2339,6,124.068,0.577073,-764.455,-124.84,-3.05251,-776.771,774.4576480752498,786.7448950316107,1561.2025431068605
2339,7,123.626,-0.14872,-762.931,-125.214,-3.49778,-775.186,772.8823459975254,785.2414373025207,1558.123783300046
2339,8,123.534,-0.783685,-761.628,-125.156,-3.75952,-774.275,771.5817997478811,784.334070375392,1555.9158701232732
2339,9,123.145,-1.59974,-759.104,-125.192,-3.93018,-772.03,769.0293446995814,782.1245451197861,1551.1538898193676
2340,0,122.806,-2.19631,-757.286,-125.142,-4.34219,-771.163,767.1820013592707,781.2629181952744,1548.444919554545
2340,1,122.948,-2.67592,-754.573,-125.256,-4.93736,-770.146,764.5284713997553,780.2809137584807,1544.809385158236
2340,2,122.792,-3.46553,-753.944,-125.219,-5.177,-768.878,763.8857508149898,779.0250176817175,1542.9107684967073
2340,3,122.234,-4.12655,-751.615,-125.397,-5.26776,-767.048,761.5006811526189,777.2482172436406,1538.7488983962594
2340,4,121.675,-4.68432,-748.847,-125.439,-5.72942,-765.369,758.6821323109319,775.6013635467233,1534.2834958576552
2340,5,122.102,-5.35776,-747.026,-124.865,-6.27538,-764.412,756.9580230582259,774.568495591671,1531.5265186498968
2340,6,121.622,-6.05685,-744.451,-125.185,-6.8209,-762.936,754.3446743478225,773.1682540028464,1527.512928350669
2340,7,121.504,-6.82165,-742.631,-124.964,-7.04667,-762.778,752.5360849060478,772.978611695103,1525.5146966011507
2340,8,121.439,-7.14747,-741.409,-125.404,-7.26653,-759.88,751.3227151693212,770.1925603861939,1521.515275555515
2340,9,120.517,-7.70327,-738.101,-125.452,-7.6282,-758.442,747.9149509527757,768.7851852782024,1516.7001362309782
2341,0,120.528,-8.39011,-736.253,-125.311,-8.14606,-757.469,746.1004441352466,767.8075872088812,1513.9080313441277
2341,1,120.697,-8.63744,-733.565,-125.028,-8.37198,-755.035,743.4782985425692,765.3626212836111,1508.8409198261802
2341,2,120.398,-9.31053,-731.99,-124.781,-8.84557,-753.475,741.8839022871981,763.7886603600664,1505.6725626472644
2341,3,119.944,-10.1517,-729.061,-124.867,-8.88051,-751.779,738.9313647896468,762.1301043705465,1501.0614691601932
2341,4,119.67,-10.8133,-726.076,-124.895,-9.50587,-749.33,735.9512172235943,759.72664260868,1495.6778598322744
2341,5,119.76,-11.1766,-724.228,-124.512,-9.77471,-748.33,734.148193467477,758.6808103541199,1492.8290038215969
2341,6,119.526,-11.8116,-721.788,-124.492,-10.3138,-746.352,731.7129871162326,756.7337315320627,1488.4467186482952
2341,7,119.02,-12.3175,-719.455,-124.378,-10.5537,-744.48,729.3373555709662,754.8720009827427,1484.2093565537089
2341,8,118.603,-12.977,-716.088,-124.032,-11.029,-741.635,725.9594326696223,752.0159899164379,1477.9754225860602
2341,9,118.536,-13.3541,-714.265,-123.962,-11.0627,-739.086,724.1571690647065,749.4912115370599,1473.6483806017663
2342,0,117.823,-13.794,-711.717,-123.962,-11.4966,-737.584,721.5355998521486,748.01664841871,1469.5522482708586
2342,1,117.615,-14.1959,-708.678,-123.58,-11.9145,-736.418,718.511878458394,746.8101783145768,1465.3220567729709
2342,2,117.341,-14.3259,-706.669,-123.305,-12.3673,-733.558,716.488113825212,743.9518885642337,1460.440002389446
2342,3,116.834,-14.7265,-703.253,-122.945,-12.3878,-732.307,713.044062710889,742.6590555987586,1455.7031183096476
2342,4,116.807,-14.9994,-700.321,-123.002,-12.7569,-729.768,710.1537582033626,740.1713074184989,1450.3250656218615
2342,5,116.495,-15.5562,-698.227,-122.903,-12.8429,-726.451,708.0494501886433,736.8861125644926,1444.9355627531359
2342,6,115.78,-16.1131,-695.054,-122.62,-13.2254,-725.703,704.8153682402292,736.1082935371398,1440.923661777369
2342,7,115.585,-16.3346,-692.449,-122.564,-13.6293,-723.015,702.2195731985545,733.4564623339888,1435.6760355325432
2342,8,114.988,-16.4905,-689.194,-122.309,-13.8914,-720.57,698.9152640844596,731.0086096448933,1429.923873729353
2342,9,114.286,-16.7744,-685.097,-122.19,-14.189,-717.768,694.7665577014772,728.2325354205208,1422.999093121998
2343,0,114.037,-17.2149,-682.622,-122.176,-14.6922,-716.046,692.2958796894648,726.5429855368781,1418.838865226343
2343,1,113.622,-17.2293,-679.56,-122.112,-14.9191,-712.859,689.2086775879203,723.3960699159279,1412.604747503848
2343,2,113.089,-17.4748,-676.575,-121.524,-15.0106,-711.551,686.1838100545947,722.0098519337254,1408.19366198832
2343,3,113.062,-17.5924,-673.237,-121.335,-15.4088,-708.613,682.8913285075158,719.0910909693152,1401.9824194768312
2343,4,112.102,-17.9927,-670.493,-121.066,-15.493,-706.272,680.0378362314042,716.7406416473117,1396.7784778787159
2343,5,111.387,-18.2015,-667.211,-120.947,-15.6214,-704.03,676.6896459177206,714.5141327132445,1391.2037786309652
2343,6,111.023,-18.0979,-664.198,-120.615,-15.7773,-700.564,673.6561613445022,711.0462850731237,1384.7024464176259
2343,7,110.582,-18.2009,-660.725,-120.735,-16.1883,-698.693,670.1620528721468,709.2326201824687,1379.3946730546154
2343,8,110.114,-18.2269,-657.821,-120.332,-16.3372,-695.242,667.2224373629907,705.7677613010104,1372.9901986640011
2343,9,109.322,-18.2918,-654.921,-119.979,-16.158,-693.077,664.2344509826632,703.570728025264,1367.805179007927
2344,0,108.853,-18.6287,-650.366,-119.477,-16.3079,-689.833,659.6756309192344,700.2929879846077,1359.968618903842
2344,1,108.204,-18.3069,-648.591,-118.997,-16.9892,-687.062,657.8096483669193,697.4977496520257,1355.3073980189452
2344,2,107.697,-18.5502,-645.556,-118.531,-16.9386,-683.803,654.7406378597865,694.206782551107,1348.9474204108935
2344,3,107.229,-18.2936,-640.787,-118.129,-16.9608,-682.391,649.954378099694,692.7478662967068,1342.7022443964008
2344,4,106.761,-17.9698,-638.445,-117.295,-16.8483,-679.557,647.559142363105,689.8113499261157,1337.3704922892207
2344,5,105.904,-17.9172,-634.626,-117.0,-16.5656,-676.846,643.6511812681151,687.0836388820214,1330.7348201501366
2344,6,105.357,-17.7231,-632.015,-116.653,-16.4458,-673.986,640.9814084258685,684.2042932798946,1325.1857017057632
2344,7,104.76,-17.5551,-628.113,-115.82,-16.3682,-670.136,637.0312236499951,680.2679243263201,1317.2991479763152
2344,8,103.942,-17.3355,-623.474,-115.587,-16.0994,-668.869,632.3166039257944,678.9736993509837,1311.290303276778
2344,9,103.149,-17.3608,-621.051,-115.064,-15.9796,-665.299,629.79795028139,675.364961419498,1305.162911700888
2345,0,102.564,-17.1805,-616.121,-114.57,-15.7122,-663.342,624.8356826536477,673.3466916030998,1298.1823742567476
2345,1,101.889,-16.7536,-613.293,-113.913,-14.954,-660.154,621.92471834054,670.0769339419169,1292.001652282457
2345,2,101.123,-16.223,-609.932,-113.533,-14.4813,-656.455,618.4707684943565,666.3577246222108,1284.8284931165672
2345,3,100.407,-16.2606,-606.755,-113.095,-14.412,-655.512,615.2215883617545,665.3526635649698,1280.5742519267242
2345,4,99.3176,-16.158,-602.714,-112.374,-14.158,-652.799,611.0558341344595,662.5518087221557,1273.6076428566153
2345,5,98.731,-15.6149,-598.753,-111.661,-13.5934,-650.884,607.0393648454851,660.5323163181041,1267.5716811635893
2345,6,98.1338,-15.1226,-594.575,-111.344,-13.2266,-647.668,602.8087311562433,657.3022649493611,1260.1109961056045
2345,7,97.3156,-14.5285,-591.424,-110.73,-12.7882,-645.561,599.5529593719057,655.1134830548368,1254.6664424267424
2345,8,96.3286,-14.4866,-588.358,-110.285,-12.513,-643.112,596.3675015638595,652.6196449219101,1248.9871464857697
2345,9,95.9627,-14.6285,-584.181,-109.706,-11.8346,-640.784,592.1910785924929,650.2150404667367,1242.4061190592297
2346,0,95.2115,-14.1389,-579.788,-109.148,-11.3111,-637.583,587.723798369149,646.9569605284496,1234.6807588975985
2346,1,94.3538,-13.904,-576.475,-108.668,-10.846,-635.504,584.3110356782935,644.8191249924276,1229.1301606707211
2346,2,93.8851,-13.6839,-572.567,-107.948,-10.5071,-632.659,580.3745606160043,641.8882925676477,1222.262853183652
2346,3,93.0423,-13.451,-568.905,-107.171,-10.1953,-630.241,576.6200638334483,639.3694436427893,1215.9895074762376
2346,4,91.9771,-13.0248,-565.052,-106.839,-9.69356,-627.041,572.6370535019979,636.1516742943255,1208.7887277963234
2346,5,91.2745,-12.6231,-561.55,-105.971,-9.46819,-624.698,569.0595570798016,633.6932149446419,1202.7527720244434
2346,6,90.3264,-12.1698,-557.861,-105.469,-8.80366,-622.456,565.2573377586531,631.3894886093651,1196.646826368018
2346,7,89.7664,-11.8332,-554.522,-104.763,-8.40743,-619.389,561.865357247802,628.2425521796537,1190.1079094274555
2346,8,89.2346,-11.5859,-550.994,-104.177,-7.84233,-617.34,558.2933233990624,626.11742115104,1184.4107445501024
2346,9,88.2366,-11.0948,-546.737,-103.316,-7.34704,-614.76,553.9225030052489,623.4244400508867,1177.3469430561356
2347,0,87.2099,-10.8091,-543.691,-102.956,-6.6897,-611.87,550.7470442787869,620.5075236627595,1171.2545679415464
2347,1,86.65,-10.4456,-540.656,-101.96,-6.68993,-609.482,547.6552231060706,617.9877871668702,1165.643010272941
2347,2,85.9888,-9.73555,-537.967,-100.985,-6.01805,-607.475,544.8828752569148,615.8409395093854,1160.7238147663002
2347,3,85.2877,-9.281,-534.148,-100.434,-5.67188,-603.673,540.9937288326826,611.9969358646613,1152.9906646973438
2347,4,84.3917,-8.76277,-529.673,-99.9685,-4.92981,-601.712,536.4254208144529,609.9797824214226,1146.4052032358754
2347,5,83.3923,-8.47643,-525.385,-99.248,-4.71024,-597.998,532.029626797075,606.1963047304541,1138.2259315275292
2347,6,82.7025,-8.04931,-523.043,-98.7887,-4.31335,-594.843,529.6021853681555,603.005809992667,1132.6079953608223
2347,7,82.2092,-7.25963,-521.36,-98.2097,-3.84773,-591.524,527.8515931513108,599.6337155099294,1127.4853086612402
2347,8,81.4187,-6.79165,-517.437,-97.3971,-4.01696,-588.784,523.8474779822964,596.7989022376395,1120.646380219936
2347,9,80.885,-6.33813,-515.064,-96.7969,-3.62784,-585.526,521.4148820401052,593.4842017684006,1114.8990838085058
2348,0,79.9004,-5.61375,-510.953,-96.1258,-3.27426,-582.122,517.1929584963648,590.0143329514865,1107.2072914478513
2348,1,79.0035,-5.09356,-507.746,-95.6807,-2.96284,-578.979,513.8808206984608,586.8392089954076,1100.7200296938684
2348,2,78.469,-4.8207,-505.491,-95.1009,-2.84173,-575.634,511.56795657125554,583.4438778204832,1095.0118343917388
2348,3,77.6145,-4.32942,-502.158,-94.225,-2.70002,-573.025,508.13916543776315,580.726520281277,1088.8656857190401
2348,4,76.8739,-3.65613,-499.116,-93.7373,-2.28952,-569.4,505.0145990402524,577.0686989545702,1082.0832979948227
2348,5,76.1719,-2.89239,-497.133,-93.3485,-2.07653,-565.906,502.9430822255358,573.5571944148995,1076.5002766404355
2348,6,75.7294,-2.50107,-494.127,-92.515,-1.85678,-563.032,499.90268003332903,570.5852310399985,1070.4879110733275
2348,7,74.8881,-1.86781,-490.872,-92.1545,-2.00537,-559.479,496.5551697644544,567.0213618728019,1063.5765316372563
2348,8,74.1481,-1.42608,-487.748,-91.4763,-1.79158,-556.147,493.35391550263023,563.6227540026986,1056.9766695053288
2348,9,73.2517,-1.10136,-484.79,-90.8263,-1.41753,-553.171,490.2941654218818,560.5796833671293,1050.8738487890112
2349,0,72.2526,-0.402953,-482.265,-90.2687,-1.60152,-549.456,487.64754772569114,556.8239389627573,1044.4714866884485
2349,1,71.8858,0.116478,-479.823,-89.7246,-1.40324,-546.36,485.1780014981764,553.6801626640219,1038.8581641621981
2349,2,71.3949,0.839629,-476.169,-88.9897,-1.53664,-544.104,481.49231902894115,551.3353705183258,1032.827689547267
2349,3,70.5904,1.16698,-473.612,-88.4663,-1.32536,-540.803,478.8451659550093,547.9926346437693,1026.8378005987786
2349,4,69.7331,1.59326,-471.6,-88.0001,-1.33169,-538.827,476.73032598423777,545.9673313736511,1022.6976573578888
2349,5,69.393,1.93183,-468.163,-87.5974,-1.3462,-536.145,473.28185575315365,543.2555363419685,1016.5373920951222
2349,6,68.8364,2.50048,-466.442,-87.2085,-1.09167,-532.695,471.5006274960728,539.7874370904152,1011.288064586488
2349,7,68.2128,2.92929,-463.25,-86.6928,-1.16208,-529.925,468.25434255727316,536.9706673802269,1005.2250099375001
2349,8,67.8488,3.25377,-460.748,-86.4666,-0.999361,-527.465,465.7282106386222,534.5061251875121,1000.2343358261344
2349,9,67.4081,3.62883,-457.929,-85.8664,-0.956181,-525.164,462.8779422199538,532.1383089264151,995.0162511463689
2350,0,66.9411,4.27598,-455.812,-85.4208,-0.893094,-521.834,460.7211458335404,528.7799487930048,989.5010946265452
2350,1,66.6022,4.65346,-454.666,-84.8411,-1.07059,-519.326,459.5418145183435,526.2116044788048,985.7534189971483
2350,2,65.9035,4.83676,-451.665,-84.5377,-0.604331,-517.719,456.47337029069683,524.5759724751483,981.0493427658452
2350,3,65.5123,5.31451,-449.191,-84.3678,-0.490402,-514.935,453.9742943700998,521.8009394356833,975.775233805783
2350,4,64.8776,5.66457,-447.718,-83.958,-0.617235,-512.649,452.429660675607,519.4788965338681,971.9085572094751
2350,5,64.4337,6.04039,-446.013,-83.3646,-0.900598,-511.337,450.68368527831365,518.0887908253928,968.7724761037065
2350,6,64.0448,6.36529,-443.546,-83.0602,-0.639322,-508.876,448.1911505594729,515.6105011854003,963.8016517448732
2350,7,63.6555,6.54776,-441.344,-82.5732,-0.313503,-506.914,445.95899158697046,513.5954001335789,959.5543917205493
2350,8,63.3305,6.76775,-438.961,-82.3465,-0.256487,-505.264,443.5575658145316,511.9303874003097,955.4879532148414
2350,9,63.0188,6.93648,-436.924,-81.9372,-0.193083,-502.715,441.4997912618197,509.34871478181316,950.8485060436328
2351,0,62.7717,7.09219,-435.371,-81.1535,-0.177998,-501.548,439.930100266947,508.0711746886828,948.0012749556298
2351,1,62.2793,7.56899,-432.827,-80.7426,-0.177801,-499.546,437.35021749978597,506.02925328873584,943.3794707885218
2351,2,61.9923,7.59861,-430.735,-80.6855,-0.559939,-497.54,435.23950229525593,504.0401918914143,939.2796941866702
2351,3,61.6951,7.19895,-429.185,-80.4321,-0.581797,-494.8,433.6564013941366,501.2950241107119,934.9514255048484
2351,4,61.5119,7.18343,-426.912,-79.9306,-0.821923,-492.941,431.3805411144259,499.3800214814144,930.7605625958404
2351,5,61.1627,7.38938,-425.546,-79.5129,-1.133,-490.393,429.98241466840756,496.798630638622,926.7810453070296
2351,6,60.9019,7.10701,-423.191,-79.1241,-1.25426,-489.358,427.60983793143726,495.7150880626467,923.324925994084
2351,7,60.475,7.23312,-421.395,-78.7355,-1.64986,-487.783,425.773754093573,494.09943947273365,919.8731935663067
2351,8,60.265,6.95089,-419.226,-78.2838,-1.735,-486.132,423.5925213843985,492.39789295999225,915.9904143443907
2351,9,59.8514,6.81987,-416.946,-78.008,-1.99014,-483.715,421.27504984840596,489.96878466512493,911.2438345135308
2352,0,59.642,6.6782,-415.34,-77.7112,-2.17424,-481.65,419.6535262800016,487.88367509583423,907.5372013758358
2352,1,59.0336,6.58607,-413.606,-77.2103,-2.1398,-480.633,417.84957279265575,486.799845787907,904.6494185805627
2352,2,58.9776,6.44381,-410.871,-76.8567,-2.37954,-478.366,415.13233869463375,484.5065990278167,899.6389377224505
2352,3,58.6045,6.15944,-408.884,-76.6096,-2.81856,-475.904,413.1084017269119,482.03899459341835,895.1473963203302
2352,4,58.1366,5.78379,-406.285,-76.3128,-2.90446,-475.59,410.46414911819534,481.6823926943267,892.1465418125221
2352,5,57.5391,5.20226,-404.727,-75.6842,-3.15964,-474.692,408.8297397045836,480.69800948055695,889.5277491851405
2352,6,57.4336,4.90219,-402.21,-75.8105,-3.408,-472.366,406.31949741029666,478.4229136760174,884.7424110863141
2352,7,57.175,4.60411,-400.654,-75.6776,-3.83328,-471.096,404.73918289423386,477.15116513880423,881.8903480330381
2352,8,56.7337,4.35737,-398.543,-75.3174,-3.85556,-470.254,402.58442870782636,476.2629532114309,878.8473819192573
2352,9,56.5891,4.18792,-396.802,-74.9288,-3.96876,-468.649,400.8387357987454,474.6177001823442,875.4564359810896
2353,0,56.1242,3.83963,-393.828,-74.7305,-4.31552,-467.792,397.82554237778254,473.74320745222343,871.568749830006
2353,1,55.837,3.83527,-391.785,-74.3215,-4.5156,-466.348,395.76251223426016,472.2547332844955,868.0172455187557
2353,2,55.6039,3.6552,-390.664,-74.363,-4.41655,-465.257,394.6181889855687,471.1830193586166,865.8012083441853
2353,3,55.1754,3.29397,-388.613,-74.0111,-4.32481,-464.417,392.5241887737887,470.29724302163,862.8214317954187
2353,4,54.9016,3.03406,-387.005,-73.4181,-4.50107,-463.076,390.8916233787104,468.8814976246716,859.773121003382
2353,5,54.6036,3.31552,-385.674,-73.3041,-4.54444,-460.955,389.53431181582755,466.76938099742955,856.3036928132572
2353,6,54.2919,2.80336,-384.639,-72.3533,-4.41833,-459.215,388.46187657722555,464.90099794029146,853.362874517517
2353,7,54.1094,2.68269,-381.775,-72.2656,-4.00771,-458.122,385.5997596199926,463.8039947723651,849.4037543923578
2353,8,54.1476,2.61856,-380.54,-71.5964,-3.98525,-457.016,384.38198584511423,462.6073399401727,846.989325785287
2353,9,53.9677,2.66867,-378.918,-71.3755,-3.80968,-456.145,382.7512053107853,461.7112048531553,844.4624101639406
2354,0,53.7335,2.16728,-377.53,-71.2346,-3.76724,-454.409,381.34090657159817,459.9740205874432,841.3149271590414
2354,1,53.6941,2.44632,-375.555,-70.6993,-3.44857,-453.787,379.3818641966856,459.2743461424064,838.656210339092
2354,2,53.5652,2.5907,-375.726,-70.5215,-3.69534,-453.461,379.53388446030743,458.926809002226,838.4606934625334
2354,3,53.0863,2.28376,-373.277,-70.127,-3.63984,-451.548,377.03990443509764,456.97553640017276,834.0154408352704
2354,4,53.3152,2.28039,-372.205,-69.5337,-3.2945,-450.471,376.011000842518,455.81784849536115,831.8288493378791
2354,5,52.9307,2.35774,-371.151,-69.4827,-2.90513,-450.451,374.9137003917003,455.7876575562429,830.7013579479432
2354,6,53.0305,2.17881,-370.684,-68.9905,-2.51503,-449.688,374.4644295514143,454.9563845141102,829.4208140655245
2354,7,53.0063,2.13799,-369.143,-68.4326,-2.50725,-448.318,372.93537414668793,453.51773523129447,826.4531093779824
2354,8,52.8641,2.2654,-368.159,-68.0783,-2.07781,-447.521,371.94192340602046,452.6742953452141,824.6162187512346
2354,9,52.5144,2.42123,-366.942,-67.8309,-2.10486,-447.268,370.68862395017317,452.3871409030429,823.075764853216
2355,0,52.5116,2.25528,-366.312,-67.2812,-2.06953,-445.651,370.0635563878702,450.7059536203853,820.7695100082556
2355,1,52.2027,2.34347,-364.746,-67.1031,-1.67527,-445.027,368.4701592462148,450.0607328885546,818.5308921347694
2355,2,52.3287,2.04889,-363.494,-66.3922,-1.27115,-444.702,367.24702698581797,449.63252645595213,816.8795534417701
2355,3,52.1114,1.85415,-362.759,-66.1714,-0.628244,-443.453,366.4875549908653,448.36325906287584,814.8508140537411
2355,4,52.4452,1.89058,-362.511,-65.5233,-0.49855,-443.58,366.2899103398515,448.3935412057052,814.6834515455566
2355,5,52.267,1.64777,-361.137,-65.253,0.00953311,-442.612,364.90339434427426,447.3961741498023,812.2995684940765
2355,6,52.3424,1.65828,-360.988,-65.1612,0.568851,-441.712,364.7667924500781,446.4927732012022,811.2595656512804
2355,7,52.0468,2.12058,-358.997,-64.7665,0.922601,-441.033,362.75640898373723,445.7641279913125,808.5205369750497
2355,8,51.8509,2.15015,-359.112,-64.5541,1.3605,-440.649,362.8423452683445,445.3544924978977,808.1968377662422
2355,9,51.7587,2.0085,-358.683,-64.4621,1.44715,-440.192,362.40376872618197,444.8892597529553,807.2930284791373
2356,0,51.617,1.98102,-356.284,-64.1311,1.63839,-439.572,360.009066254227,444.2285734765405,804.2376397307675
2356,1,51.7839,1.98121,-355.401,-63.9961,1.87152,-439.98,359.1592519945353,444.6137692450836,803.7730212396189
2356,2,51.2444,1.66058,-355.584,-63.7277,1.78669,-439.043,359.26136323475754,443.6475716798708,802.9089349146284
2356,3,51.0583,1.91344,-354.698,-63.6705,2.20101,-437.877,358.35915288370074,442.4873378349601,800.8464907186608
2356,4,50.9167,2.04456,-353.423,-63.7343,2.68287,-438.329,357.0777331247128,442.94646519520495,800.0241983199178
2356,5,50.6956,2.31621,-353.196,-63.1153,2.89632,-438.609,356.8232378981561,443.1363048144807,799.9595427126368
2356,6,50.6552,2.04773,-351.177,-63.1618,2.60577,-437.979,354.8174570313486,442.5175786988952,797.3350357302438
2356,7,50.7849,1.98042,-349.814,-63.3949,3.1048,-438.093,353.48672213731936,442.6669513054369,796.1536734427563
2356,8,50.5538,2.10861,-350.018,-63.1844,3.29776,-436.964,353.65623598993994,441.52087257611913,795.1771085660591
2356,9,50.2417,2.00671,-349.565,-63.0005,3.50275,-436.033,353.1627734188785,440.5747488756165,793.737522294495
2357,0,50.2519,2.17219,-349.048,-63.162,3.86271,-436.41,352.653481716835,440.97397527807027,793.6274569949053
2357,1,50.1368,2.34134,-348.423,-62.635,4.25174,-436.001,352.0195555878048,440.4975510931106,792.5171066809154
2357,2,49.7876,2.30431,-346.967,-63.1393,4.38614,-435.75,350.5284782258584,440.32246357480966,790.8509418006681
2357,3,49.9139,2.35556,-346.683,-62.9665,4.71739,-435.323,350.2656828253713,439.8785607638341,790.1442435892054
2357,4,50.0195,2.625,-345.877,-62.7682,4.91637,-435.099,349.4849641032501,439.6307057363224,789.1156698395725
2357,5,49.775,2.55065,-345.439,-62.9921,5.26227,-435.202,349.01598697111643,439.7686629944918,788.7846499656082
2357,6,49.7204,2.90863,-344.709,-63.1127,5.8411,-435.1,348.2884910324154,439.69232578076685,787.9808168131822
2357,7,49.3982,3.31067,-345.106,-62.621,5.76577,-435.334,348.63920309553384,439.85261770358136,788.4918207991152
2357,8,49.3308,3.12105,-344.547,-62.3159,5.72155,-435.657,348.07456671055775,440.12842350410915,788.2029902146669
2357,9,49.202,3.26008,-344.406,-62.7794,5.91059,-435.982,347.91803310780887,440.5184360075162,788.436469115325
2358,0,49.3035,3.55777,-343.864,-62.7681,6.01732,-436.437,347.3988246031107,440.968590136069,788.3674147391797
2358,1,49.2662,3.74087,-343.215,-62.8023,6.35009,-436.527,346.753066022201,441.0671992534676,787.8202652756686
